,Time,F0,F0Err,PulsedFlux
0,4725301624.7382,0.13022408738505042,2.5510576051601674e-07,0.12686704099178314
1,4725648473.353147,0.13022419228849252,2.2071903060805198e-07,0.15645593404769897
2,4725819285.185574,0.13022422971616723,2.0102500286611757e-07,0.17012710869312286
3,4725999568.09721,0.13022401603824563,2.128490592667731e-07,0.16564570367336273
4,4726168039.286874,0.13022441563241657,1.9048614774419548e-07,0.15570899844169617
5,4726342421.909656,0.1302240986341027,1.3985500402213802e-07,0.1912381500005722
6,4726514700.000149,0.13022417753628873,1.4187253327690996e-07,0.18322867155075073
7,4726686824.300506,0.1302242243142386,1.853613014191069e-07,0.1471707671880722
8,4726859637.343042,0.13022451942151378,1.5686936194470036e-07,0.16581270098686218
9,4727033552.631669,0.13022461093912688,1.6942215097515145e-07,0.16893309354782104
10,4727195780.616622,0.13022442184847266,2.1072365541385807e-07,0.15471850335597992
11,4727374247.0493965,0.13022465131310115,1.8351401820382307e-07,0.15603278577327728
12,4727550618.802109,0.1302247845463821,1.614388054349547e-07,0.17873293161392212
13,4727724998.608868,0.13022469252488386,2.0566525904541777e-07,0.18035197257995605
14,4727894724.642703,0.13022457585529768,2.00581737885841e-07,0.17066049575805664
15,4728028428.365648,0.1302248302489016,6.457552217398188e-07,0.14629147946834564
16,4728273271.411077,0.13022574725611366,3.654985789580678e-07,0.20563127100467682
17,4728412612.191216,0.13022511306761458,2.1512441605864296e-07,0.1838541328907013
18,4728581357.828899,0.13022455503505406,2.1109366343807778e-07,0.16250446438789368
19,4728797318.945408,0.1302252216178374,4.796826829078782e-07,0.1714354306459427
20,4728927739.312815,0.13022516119349176,1.8126675627172517e-07,0.1854308545589447
21,4729133520.784486,0.13022499447244582,4.357534066912194e-07,0.17848746478557587
22,4729273007.7421875,0.13022514964533458,1.7515621664188075e-07,0.16942186653614044
23,4729445229.03263,0.13022484496631817,1.9429003828008717e-07,0.1560124307870865
24,4729618653.683268,0.13022540054668771,2.6801387775776675e-07,0.1461530327796936
25,4729787908.759516,0.13022517887111004,1.8454650785315607e-07,0.1780766248703003
26,4729965219.7788105,0.13022561627370455,1.710467927296122e-07,0.18628907203674316
27,4730142659.2399235,0.1302253110072953,2.0073646567198011e-07,0.1594526171684265
28,4730317909.049364,0.13022551761153056,1.7563677090493002e-07,0.16292665898799896
29,4730491513.42794,0.13022566198510346,1.543084238164738e-07,0.18284288048744202
30,4730665034.947314,0.13022566855500314,1.651553844794762e-07,0.17436780035495758
31,4730836277.2621565,0.13022580668242195,1.6012916148611112e-07,0.15625382959842682
32,4731007773.395468,0.1302258140097178,1.5170712686085608e-07,0.18686041235923767
33,4731180239.728995,0.13022594109578145,2.0050249815994903e-07,0.144651398062706
34,4731351313.270481,0.1302264897738276,1.7940554641882045e-07,0.1661989688873291
35,4731520661.688502,0.13022562688561548,2.092719455504266e-07,0.14462381601333618
36,4731869071.432283,0.13022603799847457,2.3410930793943407e-07,0.14459559321403503
37,4732038459.548641,0.1302262944382452,3.027700472557626e-07,0.12378135323524475
38,4732211696.579527,0.1302262751171894,2.86161423446174e-07,0.13891442120075226
39,4732383692.880131,0.130226597284975,2.743712173014501e-07,0.14587058126926422
40,4732558083.803494,0.13022589540178733,3.7980461797815224e-07,0.12238103151321411
41,4732735963.209265,0.13022630089530796,3.0733585276720987e-07,0.13730835914611816
42,4732900962.815141,0.1302267506921455,2.5870869535538077e-07,0.12343477457761765
43,4733073395.568326,0.13022664128545144,2.555471496634709e-07,0.12783627212047577
44,4733244067.1415615,0.1302265731449353,2.904464508901583e-07,0.12559887766838074
45,4733421061.033652,0.1302268768735131,2.4200761572501506e-07,0.14016370475292206
46,4733595053.628242,0.13022696105961443,2.4593350644863676e-07,0.14213396608829498
47,4733767186.598794,0.13022742970690787,2.184451375342178e-07,0.1393677294254303
48,4733939476.168467,0.13022705185408368,2.4899011918932956e-07,0.132285475730896
49,4734114387.336413,0.13022686589443938,2.2765728147078335e-07,0.1484946459531784
50,4734290561.746135,0.130226687996449,2.494839179689734e-07,0.13620322942733765
51,4734637475.699968,0.13022729606808106,2.3353187827979127e-07,0.13387073576450348
52,4734810684.803882,0.13022736550365063,1.980458961270415e-07,0.16953696310520172
53,4734984106.705672,0.13022747453040312,2.1118748350090755e-07,0.16046397387981415
54,4735160928.923759,0.1302273477900179,2.102853642327318e-07,0.14654827117919922
55,4735327618.331572,0.13022755083407508,2.2189655624060833e-07,0.13307587802410126
56,4735499209.263062,0.13022764767585698,2.33188544029872e-07,0.12598338723182678
57,4735671484.103598,0.13022786569735492,2.3060870546487422e-07,0.12690554559230804
58,4735843371.033884,0.13022750147031625,2.117962765169068e-07,0.14084842801094055
59,4736015252.181532,0.13022754549748328,2.4458392999804346e-07,0.13090410828590393
60,4736187608.124589,0.13022764109822282,2.1626674140406976e-07,0.15931634604930878
61,4736355026.333882,0.13022822056014313,2.8072426516700943e-07,0.12775151431560516
62,4736574889.402042,0.1302282900089816,6.794263072151807e-07,0.15272879600524902
63,4736704149.310012,0.13022758981456473,2.2905219054791814e-07,0.14282001554965973
64,4736877365.554571,0.13022782405167327,2.0861023131146794e-07,0.1390012502670288
65,4737047807.847683,0.13022803587764975,1.9035392995192524e-07,0.16253216564655304
66,4737220728.22297,0.1302279587161939,2.143398774023808e-07,0.1528845578432083
67,4737393791.025845,0.13022818774569545,1.7918438288688776e-07,0.1822543740272522
68,4737566515.112571,0.13022825899763557,2.557725906626729e-07,0.14758288860321045
69,4737742248.118465,0.1302286222548548,2.9854288641217863e-07,0.10772673785686493
70,4737916277.810308,0.13022866916569742,2.3106844082576572e-07,0.1440969556570053
71,4738088079.738232,0.13022870558188274,2.207159752742882e-07,0.14490766823291779
72,4738262953.820047,0.13022897166575897,2.2523165910115495e-07,0.14490914344787598
73,4738436805.604555,0.13022833976401763,2.2896583118381386e-07,0.16115976870059967
74,4738610585.821008,0.13022889453411074,2.6949462039738137e-07,0.139155313372612
75,4738790038.442858,0.13022838510104418,2.1269681838020915e-07,0.15249010920524597
76,4739002493.863306,0.130228417053231,7.90325429989025e-07,0.1271023154258728
77,4739131847.663221,0.13022943807938,2.8254115136405744e-07,0.1387602537870407
78,4739476636.473526,0.13022926499689766,2.1218558288182976e-07,0.17084716260433197
79,4739649267.404421,0.13022951801753552,2.471153095484624e-07,0.1564275026321411
80,4739823800.718818,0.13022908977958617,2.2645683372957137e-07,0.15213792026042938
81,4739989840.234914,0.13022932243013788,2.43081274220458e-07,0.14559131860733032
82,4740161693.888525,0.13022951198540575,2.3820135197638592e-07,0.14060430228710175
83,4740337974.800445,0.13022952486251416,1.6844876427057898e-07,0.1520702838897705
84,4740510616.288129,0.13022936249732453,2.0863220129285764e-07,0.14479529857635498
85,4740680378.455459,0.1302297685891139,1.9831743713893957e-07,0.15294836461544037
86,4740828983.696329,0.13022968980621732,4.4407025256987254e-07,0.11955680698156357
87,4741024470.491904,0.13022967987946754,2.036382653614055e-07,0.13753741979599
88,4741185245.977455,0.13022973874201713,1.6725861939903552e-07,0.17119348049163818
89,4741367182.610429,0.13023020659819648,2.6479975190341065e-07,0.10607071965932846
90,4741542977.293278,0.13022965307372417,2.57600248687595e-07,0.12942904233932495
91,4741715980.501313,0.13022992539907022,1.9175092802470317e-07,0.15450294315814972
92,4741888791.309134,0.1302304726914074,2.464540500568546e-07,0.13401684165000916
93,4742063633.387286,0.1302304309522177,2.498145761364867e-07,0.13523690402507782
94,4742238570.827345,0.13023013124673116,2.7811748282147164e-07,0.1266237199306488
95,4742405564.105193,0.1302300887272564,2.36310313539434e-07,0.15100128948688507
96,4742585863.187513,0.13023012317313296,1.6593634200035012e-07,0.18101130425930023
97,4742759436.331111,0.13023037026360712,1.919036947128916e-07,0.15145187079906464
98,4742932257.450767,0.13023084734428975,2.1684368789465225e-07,0.15307863056659698
99,4743105404.102719,0.13023056345150533,1.8524850986523234e-07,0.17221394181251526
100,4743280054.461263,0.13023039314809795,2.9122929845470935e-07,0.1442737877368927
101,4743449818.540471,0.13023099506890898,2.400675782610051e-07,0.15191681683063507
102,4743816928.801094,0.13023079315569439,4.003547076081304e-07,0.13768774271011353
103,4743966275.579821,0.13023114469170322,2.2942525390590163e-07,0.1494666486978531
104,4744136881.567727,0.13023110116016354,1.9023569564069476e-07,0.18000999093055725
105,4744311425.054363,0.13023132840729781,2.062930093416071e-07,0.15290331840515137
106,4744483339.008202,0.1302314013204248,1.8269153656547132e-07,0.1651625782251358
107,4744654013.950369,0.1302311441952093,1.5660238261716586e-07,0.17044664919376373
108,4744828047.872886,0.13023147506130406,1.4456315966526745e-07,0.17677932977676392
109,4744999876.8322735,0.1302313556938081,1.7079085523619142e-07,0.16296494007110596
110,4745171428.80137,0.13023100781685987,1.674772391879742e-07,0.17083902657032013
111,4745344376.915861,0.1302313520053062,1.6192323926134122e-07,0.17132407426834106
112,4745517967.984796,0.13023169756503125,1.694685636266513e-07,0.1768893450498581
113,4745690755.752268,0.1302317183186481,1.9033871012652526e-07,0.16484364867210388
114,4745860387.52665,0.1302319518772073,2.277375443782148e-07,0.15172189474105835
115,4746037792.26212,0.1302320244286579,1.8115618161118618e-07,0.1899247169494629
116,4746213795.770625,0.13023194135009936,1.9880117463344504e-07,0.18589170277118683
117,4746386904.555496,0.1302319726692138,2.587308927104459e-07,0.1518411785364151
118,4746559559.383865,0.13023216630689544,2.323597669828814e-07,0.15597565472126007
119,4746731998.542144,0.13023239848014354,1.9581307242333423e-07,0.16473488509655
120,4746905756.102473,0.13023236725140702,1.9073858936735633e-07,0.18128995597362518
121,4747078290.109478,0.13023236313339237,2.4377857243962353e-07,0.14970062673091888
122,4747250978.527762,0.1302327748009183,1.8071635565775068e-07,0.18833276629447937
123,4747424328.884573,0.13023258597596712,1.9888513236310246e-07,0.1738346368074417
124,4747599133.212615,0.1302327756890256,1.7775107608031249e-07,0.1980869323015213
125,4747771275.080881,0.13023299945377512,2.172294415458964e-07,0.16010749340057373
126,4747942937.332469,0.1302328075466561,1.9577085197397537e-07,0.18539653718471527
127,4748113749.805934,0.1302328438376695,2.0640935360916046e-07,0.1695774644613266
128,4748286199.299336,0.13023258859777537,2.0274481471460604e-07,0.17622779309749603
129,4748453546.78757,0.13023286780626211,2.0106433851196925e-07,0.163773775100708
130,4748630612.852293,0.1302327776010922,1.904148376752346e-07,0.1719205230474472
131,4748759084.164584,0.1302335519675972,4.5724954134129803e-07,0.17504027485847473
132,4748975314.230192,0.1302334318632381,1.7100335014674783e-07,0.1678888350725174
133,4749146139.427657,0.13023334881638846,1.515056879952681e-07,0.18024829030036926
134,4749317710.3107,0.1302333825454009,1.5282296317309374e-07,0.19677990674972534
135,4749491107.700204,0.13023386528808334,1.6409327940891671e-07,0.18606890738010406
136,4749663988.326348,0.13023355265526507,1.4052108099349425e-07,0.205548495054245
137,4749837743.7100935,0.13023358102651775,1.5837532885143446e-07,0.18047745525836945
138,4750010614.502923,0.13023414008752074,1.6207032160764356e-07,0.16992054879665375
139,4750185610.701412,0.1302337703391722,1.5780490514316625e-07,0.1925964653491974
140,4750357111.39443,0.13023410322670576,1.8247746425004152e-07,0.15344002842903137
141,4750531569.333326,0.13023395432469054,2.0543464529509947e-07,0.15608865022659302
142,4750709474.508335,0.1302339485398541,1.8496585596494697e-07,0.15924058854579926
143,4750883326.421074,0.13023411009333719,2.03973954171488e-07,0.14747540652751923
144,4751054755.154821,0.13023440278607037,1.99757820951163e-07,0.15815569460391998
145,4751227928.249455,0.13023473253940474,2.2055310466839728e-07,0.14449110627174377
146,4751400735.245437,0.13023469991432154,2.531072027522896e-07,0.13656750321388245
147,4751571241.22465,0.1302347363721825,2.3102454349555046e-07,0.14380766451358795
148,4751743785.046406,0.13023482769268177,2.5286513505307084e-07,0.15003865957260132
149,4751914616.130092,0.13023460535041906,2.223490724873045e-07,0.1522768884897232
150,4752089390.807164,0.13023479380375994,2.5603506514926266e-07,0.1425517201423645
151,4752260647.846877,0.13023474652994205,2.806219754347694e-07,0.13233686983585358
152,4752431980.653509,0.13023500104516825,3.284839067418943e-07,0.13159729540348053
153,4752600546.192076,0.130235065335806,2.0265053990442539e-07,0.16827630996704102
154,4752771214.9647875,0.13023471392117816,2.0567020442285866e-07,0.1686178594827652
155,4752945520.188729,0.13023541924039758,1.9159452335770766e-07,0.17923441529273987
156,4753114332.436165,0.13023520363887528,2.4799771836114815e-07,0.16267932951450348
157,4753291941.185985,0.13023527657523717,2.1993173504597507e-07,0.1625923365354538
158,4753464556.535077,0.13023483264877753,1.650579690704035e-07,0.1835189312696457
159,4753643158.422732,0.130235641095426,1.868090322432181e-07,0.15599332749843597
160,4753810808.125861,0.13023560324915875,1.9340485835073196e-07,0.16597963869571686
161,4753988281.231024,0.1302357784806234,1.7487418801920285e-07,0.16051128506660461
162,4754159508.0538845,0.13023561494371477,2.049266925041593e-07,0.15441633760929108
163,4754337772.012343,0.13023566554206237,1.889735585791641e-07,0.15152548253536224
164,4754509108.728536,0.13023582090307878,2.090771289431359e-07,0.14160428941249847
165,4754682123.532098,0.1302359630783735,1.4291792638232437e-07,0.16536244750022888
166,4754852062.075151,0.13023618930466124,1.5234699901611748e-07,0.16245102882385254
167,4755029109.224629,0.13023602173141968,1.737322747885628e-07,0.1678755283355713
168,4755198520.296653,0.1302359526622947,2.2125607301859418e-07,0.13483557105064392
169,4755373537.278442,0.13023653667747995,2.3340096788615483e-07,0.14390012621879578
170,4755545937.220418,0.13023665496084913,2.4211061599999084e-07,0.13044627010822296
171,4755717849.070236,0.13023655686319605,2.042633582277631e-07,0.1575668454170227
172,4755887446.796047,0.13023627819118325,2.0024533853302273e-07,0.16085074841976166
173,4756061581.877983,0.13023675393142042,1.9203312717763765e-07,0.17225991189479828
174,4756403401.449169,0.1302362596744328,2.4045658619797905e-07,0.1394173949956894
175,4756579433.363084,0.13023619624346927,2.2312315195449628e-07,0.1506061553955078
176,4756749643.520164,0.13023679029196863,2.0004785028504557e-07,0.17925132811069489
177,4756931549.544194,0.13023679410198702,2.979187740947964e-07,0.15102292597293854
178,4757093607.860874,0.13023706548288078,2.441828428345616e-07,0.15661181509494781
179,4757265953.181799,0.13023727681651215,2.2842935720746027e-07,0.17559674382209778
180,4757437180.158314,0.13023793270179596,2.6456146429154614e-07,0.1334093064069748
181,4757611136.671346,0.13023691905175194,1.914434903937945e-07,0.17666955292224884
182,4757785636.862284,0.13023720503278324,2.44164709783945e-07,0.1368601769208908
183,4757961061.831007,0.13023764176173008,2.4791413011371333e-07,0.14651097357273102
184,4758135312.242792,0.1302379805444427,2.09078422130915e-07,0.16807052493095398
185,4758303255.573132,0.13023737753408637,2.172491520013864e-07,0.1552971750497818
186,4758480461.041647,0.13023780257421314,2.0747687301536644e-07,0.13801585137844086
187,4758654554.975055,0.13023780279697186,1.9270208895250107e-07,0.1488327980041504
188,4758825108.058421,0.1302379941594049,2.0642374920498696e-07,0.131800577044487
189,4759002526.878565,0.1302380007327034,1.7609175984034664e-07,0.16130971908569336
190,4759173918.068646,0.13023779159758248,1.538013947310901e-07,0.17743755877017975
191,4759347824.13758,0.1302382764875997,1.7192854784298106e-07,0.16530300676822662
192,4759520306.0863285,0.13023837330072746,1.9825360197955888e-07,0.16225431859493256
193,4759693018.600208,0.13023826044200237,2.5068032982744626e-07,0.13243627548217773
194,4759866919.636265,0.1302383025664683,1.9983106369636516e-07,0.15263183414936066
195,4760036225.159227,0.1302384492483307,2.4310685375894536e-07,0.1483895629644394
196,4760208861.28933,0.13023861112967766,2.040295612459886e-07,0.1725323647260666
197,4760383499.202118,0.13023815057562513,2.5408365900148056e-07,0.1373988687992096
198,4760550852.558523,0.13023828241124918,2.108850338800039e-07,0.18572956323623657
199,4760721252.635854,0.13023838639773197,2.22886299638958e-07,0.15160706639289856
200,4760897519.67831,0.13023868273526926,1.8965366166412423e-07,0.172780379652977
201,4761070205.345021,0.13023854413987695,2.1822656037784327e-07,0.14607176184654236
202,4761236811.621002,0.13023889878884617,2.7322053597345075e-07,0.14279618859291077
203,4761416993.379677,0.13023875759829454,2.2055540682686114e-07,0.16077059507369995
204,4761583016.33903,0.13023898645640247,2.2012359579548502e-07,0.1595248281955719
205,4761758211.506557,0.13023916480240733,2.086438399828694e-07,0.15886366367340088
206,4761932789.180633,0.13023905459666724,2.3619578826128418e-07,0.14264969527721405
207,4762107165.182771,0.13023911195173576,2.3059386933255155e-07,0.166642963886261
208,4762282760.422259,0.13023862966148064,2.330820905172004e-07,0.14731863141059875
209,4762456831.677024,0.13023930208269174,1.834704761449757e-07,0.16545772552490234
210,4762631435.484203,0.13023977777792461,1.9151346464241215e-07,0.1702202558517456
211,4762805094.267436,0.1302398652321124,1.8182007011091628e-07,0.15901806950569153
212,4762977630.362109,0.1302393375200424,1.6353558862647333e-07,0.1713312715291977
213,4763151566.698187,0.1302396750567726,2.1243562287054374e-07,0.1340797245502472
214,4763324941.431901,0.13023954261561632,1.7754632608557586e-07,0.1514643132686615
215,4763492682.373022,0.130240163276762,1.901152444361287e-07,0.14368793368339539
216,4763667364.4141,0.1302399785006464,2.0163969338682364e-07,0.14909785985946655
217,4763836779.982383,0.13023979389602713,1.8722019490269304e-07,0.158887580037117
218,4764009377.965026,0.130240082933492,1.8245151522933156e-07,0.15942911803722382
219,4764184199.825423,0.13024028943715116,2.3109919311536942e-07,0.1436385065317154
220,4764354270.232065,0.13024027110050515,2.2092831386544276e-07,0.13971266150474548
221,4764525422.813197,0.1302408324286794,2.2700865542901738e-07,0.1543002426624298
222,4764697124.043617,0.13024017455990355,2.1939899852441158e-07,0.16765323281288147
223,4764869839.043559,0.13024026413121648,1.9880285151430144e-07,0.16485191881656647
224,4765044673.635386,0.1302403834118886,1.8773151566620072e-07,0.18182052671909332
225,4765216710.763727,0.1302409015309283,2.6518722506807535e-07,0.14432838559150696
226,4765394077.970212,0.13024120272104595,2.4112850383062323e-07,0.14840683341026306
227,4765562426.602141,0.13024081306310445,2.2228023510706407e-07,0.15176808834075928
228,4765733849.192495,0.1302409358854844,2.2632137586242607e-07,0.1544066220521927
229,4765908242.17312,0.1302411871390192,2.3280583150153689e-07,0.1611579954624176
230,4766078211.700095,0.1302405489443161,1.97588505557178e-07,0.18488316237926483
231,4766256903.563017,0.13024093778732138,1.8999111262019142e-07,0.18151825666427612
232,4766428341.748649,0.1302410470649362,1.9078554203133535e-07,0.18987157940864563
233,4766605754.685306,0.13024095917225403,2.594633201624674e-07,0.1425759196281433
234,4766779282.872751,0.13024102655366035,2.279860069620554e-07,0.14292027056217194
235,4766949560.14663,0.13024089498832658,2.3188341913282784e-07,0.14847120642662048
236,4767122065.566553,0.13024113487204603,1.7378418704083742e-07,0.17883050441741943
237,4767296323.483486,0.1302414770647551,1.9862855538121948e-07,0.13481082022190094
238,4767468463.989619,0.13024158973498653,2.025676479888716e-07,0.14425034821033478
239,4767638683.769961,0.13024143835140908,2.549516580074851e-07,0.12238336354494095
240,4767813912.0737,0.13024181498663692,2.111586496766904e-07,0.14406105875968933
241,4768028819.525806,0.13024182298219383,4.5905008505542355e-07,0.14905574917793274
242,4768159914.1537285,0.13024186661023487,1.904679436393053e-07,0.1624329388141632
243,4768331537.624023,0.1302419253478384,2.336993389917552e-07,0.140159010887146
244,4768504172.211454,0.13024196284060316,2.0622117347102176e-07,0.13501088321208954
245,4768675187.968619,0.13024170152143044,1.4302278827926784e-07,0.1793241798877716
246,4768843331.053734,0.13024196720360826,2.0878105999599939e-07,0.1460847556591034
247,4769016941.712171,0.13024199647860832,1.6614949061022344e-07,0.18105565011501312
248,4769188729.135623,0.1302421053002505,1.8058959483369108e-07,0.1637277603149414
249,4769362464.8705015,0.13024249378489297,2.484397327862098e-07,0.1430436670780182
250,4769535907.603107,0.1302423083049422,2.222614625679853e-07,0.15703850984573364
251,4769708461.569951,0.13024272846318746,2.218864381120511e-07,0.1455834060907364
252,4769882218.452316,0.13024316003466221,1.870718051577569e-07,0.16964806616306305
253,4770055823.090824,0.13024262397652897,1.8806115065217455e-07,0.16983437538146973
254,4770227851.172259,0.13024257959846938,2.0989587312669755e-07,0.1546895056962967
255,4770403136.790705,0.1302427395574839,1.7786273076580983e-07,0.17457802593708038
256,4770572589.506876,0.13024315646658707,1.7920773132118484e-07,0.17552725970745087
257,4770756208.310902,0.13024321760651297,1.618232943201292e-07,0.18221339583396912
258,4770927641.156041,0.13024305896217192,1.9549527507933817e-07,0.1640588641166687
259,4771101484.285895,0.1302431058053303,2.0340181094979926e-07,0.15579576790332794
260,4771273037.759157,0.13024324718042485,2.2789241427290108e-07,0.1382617950439453
261,4771445141.998925,0.13024327229329155,1.9830854114388785e-07,0.15858034789562225
262,4771610940.064079,0.13024375553056897,1.989316302797306e-07,0.14977100491523743
263,4771791565.783296,0.13024310155683394,2.627950266287371e-07,0.15476319193840027
264,4771961225.757791,0.13024351777845378,1.9351826097135927e-07,0.15895096957683563
265,4772133474.290514,0.13024334949678165,2.32816603329411e-07,0.147039532661438
266,4772302706.142422,0.13024369471336,2.208715272900008e-07,0.12955719232559204
267,4772476492.521501,0.13024423236089802,2.0278635304293857e-07,0.154666006565094
268,4772648694.95717,0.1302435806061809,1.5981498791006743e-07,0.1579718440771103
269,4772816231.262333,0.13024345061807469,1.6013734693842707e-07,0.1674172580242157
270,4772992208.880271,0.1302439773624551,1.6115679102313152e-07,0.1637450009584427
271,4773165804.992833,0.13024384234694966,1.9297571896004229e-07,0.14694155752658844
272,4773337540.748126,0.1302441394521015,1.387279837672395e-07,0.17001686990261078
273,4773506388.47358,0.13024428459579696,1.7058552259641147e-07,0.17557178437709808
274,4773683509.247755,0.13024418577081417,1.597624219584759e-07,0.1733846366405487
275,4773857882.497822,0.13024416940761133,1.7755587577994447e-07,0.161960169672966
276,4774031966.113962,0.13024438833366336,1.8445172145220567e-07,0.1607120931148529
277,4774205187.502007,0.13024433604441962,1.7353066539271822e-07,0.17728978395462036
278,4774377592.130414,0.1302445090089401,2.0604969108717341e-07,0.15431199967861176
279,4774551576.065125,0.13024445123579498,2.7680061975843273e-07,0.13215835392475128
280,4774724175.324083,0.13024462650507915,1.820829567122928e-07,0.16521157324314117
281,4774899230.631508,0.13024471031496204,2.310298157226498e-07,0.1332426518201828
282,4775073943.545585,0.13024512844660055,1.8747017804798816e-07,0.15307822823524475
283,4775248414.069343,0.1302448909448773,2.4187150415855285e-07,0.1557679921388626
284,4775420356.031467,0.13024512353471218,1.846750592449098e-07,0.16031859815120697
285,4775592344.403733,0.13024475440570435,2.095943472113504e-07,0.16101816296577454
286,4775760904.5403385,0.13024519830147666,1.7287187858983089e-07,0.17302937805652618
287,4775934747.419354,0.1302453393293608,2.1059852883809071e-07,0.16404671967029572
288,4776107460.484528,0.1302453950134725,2.0170567438526632e-07,0.15624341368675232
289,4776280262.031889,0.13024527225008561,2.0834575309436332e-07,0.17427890002727509
290,4776453316.226859,0.130245304731271,2.0155219715434214e-07,0.15911667048931122
291,4776626876.113371,0.13024551188507275,2.0241277809418534e-07,0.13534721732139587
292,4776798071.59915,0.13024552505930123,1.9414765972669557e-07,0.13079433143138885
293,4776969958.318326,0.1302451557268224,1.9001113571448514e-07,0.13637550175189972
294,4777138620.876086,0.13024621056456143,1.768397481782813e-07,0.16729217767715454
295,4777314637.300099,0.13024613988116548,2.6286224397154e-07,0.1407967507839203
296,4777486968.809312,0.13024572132327206,1.690068529569544e-07,0.166617751121521
297,4777658303.739028,0.13024621577735174,1.6538999147996947e-07,0.15954922139644623
298,4777831091.156598,0.13024606683057524,1.7553618647525582e-07,0.15318572521209717
299,4778000906.921116,0.13024609964800254,1.5811748710348184e-07,0.16074688732624054
300,4778177398.646152,0.1302458360913122,2.0834832525906677e-07,0.13622751832008362
301,4778350550.950846,0.13024647048264534,1.9264504658167425e-07,0.16444458067417145
302,4778523558.813119,0.13024613922192713,2.0953604007445392e-07,0.1410781890153885
303,4778697623.873979,0.13024656014503455,2.2529839327489753e-07,0.13033144176006317
304,4778872285.309778,0.1302463217054139,1.8016926617292484e-07,0.17338107526302338
305,4779047546.023913,0.13024664824456675,1.8166366544392076e-07,0.17200997471809387
306,4779221855.021269,0.1302466595394459,1.6487834386680333e-07,0.1686030924320221
307,4779394521.755432,0.1302465128536376,1.9192583522453788e-07,0.1581658124923706
308,4779570225.955861,0.13024673643904405,2.2118670983672928e-07,0.16209258139133453
309,4779739416.719921,0.1302473948782534,2.6012929765784065e-07,0.14536210894584656
310,4779910997.533525,0.13024703843211294,2.488676784651034e-07,0.14970511198043823
311,4780083099.815999,0.13024704880515395,1.8938325752060337e-07,0.16685308516025543
312,4780254189.5847025,0.13024692802896531,2.570235437815427e-07,0.12552419304847717
313,4780425320.659721,0.13024727144726664,2.342711553637855e-07,0.15047624707221985
314,4780599738.5757265,0.13024708378536104,2.4602249482086336e-07,0.1378912776708603
315,4780771182.153347,0.13024715086167094,1.8404961110718432e-07,0.16663914918899536
316,4780941933.205056,0.13024778277192897,1.8126590362044226e-07,0.17175066471099854
317,4781114801.9971485,0.13024743092109903,1.626673196142292e-07,0.1604040116071701
318,4781287076.006627,0.13024771299413845,1.5035433875709714e-07,0.18385347723960876
319,4781457921.4909525,0.1302473707137465,1.4690201055600483e-07,0.16853967308998108
320,4781631508.513124,0.13024787851713368,1.3855836300535884e-07,0.18682263791561127
321,4781806134.638814,0.1302479262215991,1.7365765359045326e-07,0.14959479868412018
322,4781978270.185268,0.1302477516802096,1.8014846148162178e-07,0.15922559797763824
323,4782154697.732311,0.130248253661309,1.6672916558491124e-07,0.1534193456172943
324,4782325826.693699,0.13024796922409268,2.836946748629998e-07,0.11786369234323502
325,4782500759.471032,0.13024810240473833,1.5133466035877063e-07,0.17163465917110443
326,4782672666.75531,0.13024827218304724,1.8147062519346946e-07,0.15675851702690125
327,4782847360.891986,0.13024825413049196,1.7563137078013824e-07,0.16980218887329102
328,4783019894.536318,0.1302479698826429,2.1693811902423477e-07,0.15000289678573608
329,4783193032.521883,0.13024835544595767,2.1490220092346135e-07,0.15142755210399628
330,4783368350.813644,0.13024874129736236,1.896405592560768e-07,0.14911890029907227
331,4783541931.058183,0.13024811504118494,2.2712866609708726e-07,0.1383640617132187
332,4783713213.775536,0.13024837450540336,2.2743040517525515e-07,0.14179126918315887
333,4783885423.461578,0.13024883967469478,1.866158072516555e-07,0.17738689482212067
334,4784056139.790479,0.1302486898256933,1.9609052515079384e-07,0.18429423868656158
335,4784228078.618384,0.13024842304099624,2.5011590309986786e-07,0.14648033678531647
336,4784400506.332789,0.13024879596326885,2.715245557283197e-07,0.11556489020586014
337,4784570685.640845,0.13024891844129335,2.777529459763173e-07,0.12204525619745255
338,4784747601.220601,0.13024894891424776,2.279126363191608e-07,0.153794065117836
339,4784918237.608852,0.13024916255008775,2.451598959396506e-07,0.1457812786102295
340,4785087483.146177,0.13024921643067802,1.8453084749125992e-07,0.15993541479110718
341,4785261244.9232645,0.13024934429319335,2.9844633786524355e-07,0.12813100218772888
342,4785437337.09623,0.13024910926163558,1.7702033972000208e-07,0.1763477623462677
343,4785607267.364683,0.13024930297941278,1.5984782919531426e-07,0.1783842146396637
344,4785782293.420931,0.1302494658265493,1.9725653999103088e-07,0.1566195785999298
345,4785956691.326709,0.13024976069935704,1.7323233691968198e-07,0.1597733497619629
346,4786125207.485876,0.1302498433741117,2.0007065870686347e-07,0.14888738095760345
347,4786300047.899219,0.13024956887790795,1.8907020660208218e-07,0.14705532789230347
348,4786474437.419328,0.13024993134945256,1.516475123253258e-07,0.16659191250801086
349,4786646399.661471,0.13025019478542516,1.5021612398413708e-07,0.16546376049518585
350,4786820766.722449,0.13025000731350092,1.4453821961524227e-07,0.16272766888141632
351,4786992692.319812,0.13024995238628145,1.4098162637310452e-07,0.16437779366970062
352,4787167859.186315,0.13024996725494664,1.56292159658733e-07,0.14708968997001648
353,4787332676.760927,0.1302501899574012,1.905422664094658e-07,0.15180598199367523
354,4787507019.716092,0.13025052500242817,1.9196612299765548e-07,0.156638503074646
355,4787693561.979084,0.13025022642461892,2.6637815153662814e-07,0.1412181854248047
356,4787862074.661002,0.13025059198868638,2.577324096364464e-07,0.1307622343301773
357,4788033869.687309,0.13025118245956968,2.4348824467779195e-07,0.13015641272068024
358,4788203343.644917,0.13025007145201056,3.222075406483782e-07,0.12333633005619049
359,4788377158.122365,0.13025083371646373,2.7030574756281567e-07,0.13326293230056763
360,4788544922.429732,0.13025102076530273,2.1631645097386354e-07,0.1611434817314148
361,4788720564.9967785,0.13025146339860963,2.7127407520310953e-07,0.15582920610904694
362,4788893916.634342,0.13025099355657324,2.469843423114071e-07,0.13322505354881287
363,4789064153.802323,0.13025100268496545,2.845322342182044e-07,0.13546451926231384
364,4789234756.983207,0.13025102353624687,2.3264162507530273e-07,0.14102678000926971
365,4789406131.055106,0.13025146489192954,2.3291099182642938e-07,0.13431350886821747
366,4789579965.331821,0.13025164552947804,2.1220667179022712e-07,0.14725220203399658
367,4789753201.774101,0.13025150512508,2.1789512061332061e-07,0.15468142926692963
368,4789928111.738268,0.13025122990438137,2.0988336757454817e-07,0.1506611704826355
369,4790107643.242435,0.13025147137398774,1.8788998090712994e-07,0.16521994769573212
370,4790273683.667555,0.13025158249084862,1.912534628445428e-07,0.15527470409870148
371,4790449323.6118765,0.130251263529292,1.7366511428917875e-07,0.16088399291038513
372,4790623690.083626,0.13025164572276865,1.7988183742545516e-07,0.15516626834869385
373,4790799146.606379,0.13025163722459235,1.469503274620365e-07,0.1589304804801941
374,4790969269.550889,0.13025235218829675,1.6003103553430265e-07,0.16238249838352203
375,4791144629.784973,0.1302520243374,1.31927208713023e-07,0.1821495145559311
376,4791314501.586662,0.13025219471031668,1.4929513270089956e-07,0.1722240149974823
377,4791489094.957789,0.13025215407677143,1.4713140217281762e-07,0.18389445543289185
378,4791660648.894625,0.13025230079748887,1.469697679112869e-07,0.17672912776470184
379,4791832458.1176605,0.13025230290235543,1.5216657800465327e-07,0.1752564013004303
380,4791996469.037965,0.1302528338940884,2.1540705574807362e-07,0.16819843649864197
381,4792176236.146633,0.130252448255737,2.8519048100861255e-07,0.16628794372081757
382,4792356456.199223,0.13025288583341973,2.8655762207563384e-07,0.16894610226154327
383,4792521767.711657,0.13025266246810502,1.7803682794692577e-07,0.17878207564353943
384,4792693937.926071,0.13025294030845774,2.0239271236732748e-07,0.16025954484939575
385,4792866038.071421,0.13025319533882004,2.152251283860096e-07,0.1463203728199005
386,4793038330.784547,0.13025293001330038,1.9955157881668129e-07,0.1600014567375183
387,4793208268.326707,0.13025306922708135,1.850668382985532e-07,0.17102961242198944
388,4793381582.687513,0.13025322499774447,1.7671310104105942e-07,0.1791185587644577
389,4793555183.664147,0.13025304742592927,1.6887743470306305e-07,0.188190758228302
390,4793729556.744698,0.13025356454025927,1.8480658070529898e-07,0.17266586422920227
391,4793901781.379206,0.13025338626606708,1.9563798048238823e-07,0.1565009206533432
392,4794074408.947288,0.1302537325876543,1.6385159540277527e-07,0.18425889313220978
393,4794248883.52494,0.13025371761471843,2.228311331009536e-07,0.15222269296646118
394,4794421669.916751,0.13025395791664074,1.8073821195230266e-07,0.16705043613910675
395,4794596587.413703,0.13025350562010726,2.271028165523603e-07,0.15584416687488556
396,4794767403.087041,0.13025381634061023,1.6280507963983837e-07,0.17949751019477844
397,4794944408.740937,0.1302537339034143,2.0350313434391865e-07,0.15991072356700897
398,4795118929.517941,0.13025388803925644,1.3743995452841773e-07,0.17819374799728394
399,4795288270.88621,0.13025422183760596,1.4310784024473833e-07,0.17108453810214996
400,4795459104.590264,0.13025444108581713,1.642305988980297e-07,0.16182830929756165
401,4795632974.620874,0.13025437093611936,1.862196370439051e-07,0.1363966166973114
402,4795807021.049336,0.1302544581540366,1.495878478863233e-07,0.17275682091712952
403,4795978865.350113,0.13025465654987126,1.4714953522343421e-07,0.16487260162830353
404,4796151136.689628,0.1302548545593243,1.615671578747424e-07,0.16204538941383362
405,4796325946.787914,0.1302545001182435,1.8453845029853255e-07,0.14458312094211578
406,4796496359.904709,0.13025498864929067,1.397336433228702e-07,0.1770523637533188
407,4796669163.047061,0.13025479688154687,1.7514435057819355e-07,0.17342761158943176
408,4796840978.671714,0.130254855226999,1.9204573220577004e-07,0.16962899267673492
409,4797013161.696462,0.13025505042772023,2.2726642612269643e-07,0.14492104947566986
410,4797182783.348391,0.1302551543905449,1.9538420303888415e-07,0.15335486829280853
411,4797355689.454642,0.13025524379305886,1.8060468676139863e-07,0.1850523203611374
412,4797528114.72214,0.1302553565064385,1.8193701123436767e-07,0.1677706390619278
413,4797701543.581096,0.1302556680521703,1.8354174358137243e-07,0.16423025727272034
414,4797875511.200562,0.13025521099036153,2.08506889975979e-07,0.16315986216068268
415,4798048056.628048,0.13025562618856948,2.047791980430702e-07,0.15549205243587494
416,4798223027.646948,0.13025549002579864,2.036827595475188e-07,0.16698132455348969
417,4798393771.534062,0.1302557862931376,1.6575967265453073e-07,0.18341735005378723
418,4798564967.0290575,0.1302556385948747,1.9916575411116355e-07,0.16510352492332458
419,4798744562.152087,0.13025580557733948,2.1387521087490313e-07,0.1458706259727478
420,4798916300.188258,0.1302553692029634,2.1789438164887542e-07,0.14949923753738403
421,4799092148.21287,0.13025630557077178,2.0640560194351565e-07,0.12679491937160492
422,4799266370.34917,0.13025656119023604,1.9004239959485858e-07,0.14405833184719086
423,4799441434.797845,0.13025625087686557,2.1467717203904613e-07,0.12968620657920837
424,4799612426.955637,0.13025603683205,1.3378000573993631e-07,0.18689598143100739
425,4799783390.877168,0.1302566760238405,1.3975657964238053e-07,0.2016052007675171
426,4799951957.263001,0.13025631873531618,1.5118436635930266e-07,0.1966787725687027
427,4800128482.056488,0.13025648137602786,2.1197506328007876e-07,0.14911073446273804
428,4800297614.399801,0.13025648250382246,1.5673158770823648e-07,0.1535586416721344
429,4800469886.5448475,0.13025670491332222,1.4232888645437924e-07,0.16250987350940704
430,4800643951.142447,0.13025661172462674,1.3353353267575585e-07,0.17299768328666687
431,4800816386.443447,0.13025721160605147,1.3997785686115094e-07,0.16744542121887207
432,4800983313.706796,0.13025652671717752,1.884163367549263e-07,0.12772606313228607
433,4801156883.83836,0.13025729811001915,1.4531838132825214e-07,0.18684163689613342
434,4801329918.891182,0.13025749005384252,2.2314371506126918e-07,0.14224490523338318
435,4801500453.482721,0.13025735716050302,1.994599898580418e-07,0.14577803015708923
436,4801673504.709885,0.13025732618286023,2.239013952021196e-07,0.1449294090270996
437,4801851607.97245,0.13025717579968402,1.6693809357093414e-07,0.17624738812446594
438,4802024485.525501,0.1302577007064286,1.7684250508409605e-07,0.17143620550632477
439,4802196537.717422,0.13025737622597663,2.044006066626025e-07,0.14934945106506348
440,4802372513.255243,0.13025750578608858,1.862297409616076e-07,0.18686650693416595
441,4802544229.130369,0.130257631360296,1.7012550301842566e-07,0.17996399104595184
442,4802718678.430253,0.13025777610928857,2.09446369581201e-07,0.1428591012954712
443,4802892141.558196,0.13025765527529107,1.7999589374539937e-07,0.16668960452079773
444,4803065465.399527,0.13025786792750574,1.826494440138049e-07,0.1585647612810135
445,4803239077.613908,0.13025783122911144,1.890076788413353e-07,0.15634354948997498
446,4803411400.525979,0.13025810636557003,2.0264876354758599e-07,0.15157826244831085
447,4803586711.025759,0.13025802291342956,2.3343083910276619e-07,0.13118615746498108
448,4803757960.745426,0.13025804886692421,2.041548299303031e-07,0.15649288892745972
449,4803928750.481804,0.13025833804812564,1.9646574855869403e-07,0.15133994817733765
450,4804101433.2246685,0.1302583196819646,1.696017761787516e-07,0.1713244915008545
451,4804271743.349601,0.1302585069427953,2.124506437439777e-07,0.1557992398738861
452,4804447853.021572,0.1302588417065022,1.5941604658564756e-07,0.1838333159685135
453,4804617544.3158455,0.13025868852583175,1.525609008012907e-07,0.18107807636260986
454,4804796149.903174,0.13025863043792946,1.4959260852265288e-07,0.18383574485778809
455,4804964310.952941,0.1302589559996907,1.4391795843948785e-07,0.16682462394237518
456,4805135494.779135,0.13025834978602216,1.5668064179408248e-07,0.1657416820526123
457,4805306782.032541,0.13025884512983743,1.2841006480357464e-07,0.2011691927909851
458,4805479923.695645,0.13025903394917024,1.4098921496952244e-07,0.18266189098358154
459,4805650357.620431,0.13025927457202274,1.5933535735257465e-07,0.16783058643341064
460,4805822007.318435,0.13025901789713792,2.1313798015398788e-07,0.1365138739347458
461,4805997617.912158,0.13025927374809904,1.855702294051298e-07,0.16759666800498962
462,4806167010.5809555,0.13025965032670217,1.7735141000230215e-07,0.20106036961078644
463,4806340788.8379135,0.1302594776412871,1.738193162736934e-07,0.16241265833377838
464,4806517863.197209,0.1302596390604594,1.7132643392869795e-07,0.17806272208690643
465,4806691669.439307,0.1302598882127259,1.9850037347168836e-07,0.1503046751022339
466,4806865140.783465,0.13025992635311587,1.5271331221811124e-07,0.18624964356422424
467,4807036803.876465,0.13025985823033456,2.263733875906837e-07,0.14359231293201447
468,4807212984.8234415,0.1302597980881507,1.8795329026488616e-07,0.16223450005054474
469,4807385837.120868,0.13025993534967473,1.6606759345449973e-07,0.17392376065254211
470,4807561089.877808,0.13026046209991476,2.0057082394941972e-07,0.16742147505283356
471,4807728224.679111,0.13025998417023793,2.1546399864291743e-07,0.17340676486492157
472,4807910130.07222,0.1302596436174802,2.944952655070665e-07,0.16628354787826538
473,4808079843.71626,0.13026052362243015,2.0516606014098215e-07,0.1922408640384674
474,4808247661.5941725,0.13026030731054547,1.9863804823216924e-07,0.1571676880121231
475,4808421437.789451,0.13026068933539883,2.059662875808499e-07,0.16090665757656097
476,4808588690.0193,0.1302607351993947,2.68995108854142e-07,0.14400318264961243
477,4808765085.837368,0.13026079542218355,2.2985891234839073e-07,0.13044719398021698
478,4808938586.153066,0.13026099380351025,1.75525798340459e-07,0.1560586839914322
479,4809108444.937159,0.1302607916206857,1.8663014600406314e-07,0.1418403685092926
480,4809278007.72681,0.13026086009376664,2.2099897023508674e-07,0.12205740064382553
481,4809451351.627798,0.13026119368834074,2.977448048113729e-07,0.14745700359344482
482,4809627650.32936,0.13026152900591995,2.0976564485408744e-07,0.18102231621742249
483,4809798401.393419,0.1302611161027198,1.997504313067111e-07,0.1736539602279663
484,4809976454.617452,0.1302614226875889,1.9619420754679595e-07,0.16371026635169983
485,4810141405.882913,0.13026145462260408,1.5192834723620763e-07,0.17172224819660187
486,4810316858.980815,0.13026172178746148,1.599937036189658e-07,0.16194580495357513
487,4810490631.207846,0.13026167270918435,1.6460397489481693e-07,0.17751409113407135
488,4810662160.005341,0.13026168238552105,1.9951595220391027e-07,0.15613317489624023
489,4810837913.775236,0.130261805466441,1.9119421779123513e-07,0.15483902394771576
490,4811013293.8396,0.13026192498369463,2.0757103413870936e-07,0.15432704985141754
491,4811187868.06584,0.1302623628365713,2.5155173943858244e-07,0.1461365818977356
492,4811362920.643227,0.13026203985386456,2.2466602445092576e-07,0.16665996611118317
493,4811535564.793677,0.13026226627469084,2.7654280643218954e-07,0.14373888075351715
494,4811707478.310318,0.13026225710613867,2.2648909236977488e-07,0.16653963923454285
495,4811880251.368347,0.13026184717975445,2.4320920033460425e-07,0.17173252999782562
496,4812049428.915902,0.13026230667522973,2.1007252826166223e-07,0.18740616738796234
497,4812223661.717316,0.13026235313148266,2.094777755701216e-07,0.1737658679485321
498,4812396727.558195,0.1302625311828835,1.8555793701580114e-07,0.18008272349834442
499,4812566916.598563,0.13026269951233527,2.1963847984807217e-07,0.15878036618232727
500,4812738488.053186,0.1302627889341197,1.85797205176641e-07,0.17262081801891327
501,4812911252.666875,0.13026306073888913,1.668126969889272e-07,0.1825341135263443
502,4813080991.755809,0.1302628525882868,2.034797290662027e-07,0.15541133284568787
503,4813254246.549949,0.13026263992640222,2.1365684688134934e-07,0.14192768931388855
504,4813433853.408051,0.13026287213214247,1.7872376645300392e-07,0.16631464660167694
505,4813774283.238847,0.13026329332102682,1.3377115237744874e-07,0.1817644089460373
506,4813944860.802859,0.13026317818521463,1.7183961631417333e-07,0.16200396418571472
507,4814120244.968134,0.13026352024102475,1.6623052090380952e-07,0.172629252076149
508,4814294514.068236,0.13026329983088805,1.3585071201305254e-07,0.18603508174419403
509,4814465189.065678,0.13026351154860996,1.8838777293694875e-07,0.14681707322597504
510,4814641352.511431,0.1302635353175338,1.7144792252565821e-07,0.15931861102581024
511,4814812268.155889,0.1302635320063866,1.5543602671641565e-07,0.16737082600593567
512,4814983484.029105,0.13026397136217213,1.700200868981483e-07,0.16238954663276672
513,4815158264.265464,0.1302638967555943,1.7234650329100987e-07,0.16765959560871124
514,4815333245.793714,0.13026377973509487,2.2486813122668536e-07,0.1518610417842865
515,4815508904.473221,0.13026381695240927,2.475461542417179e-07,0.13749298453330994
516,4815679767.30483,0.1302640271640797,2.2710699454364658e-07,0.16793286800384521
517,4815854927.840212,0.13026426537244143,1.8381437882908358e-07,0.18683743476867676
518,4816026997.658519,0.130264299809972,2.2408941902085644e-07,0.14568592607975006
519,4816199116.562511,0.13026397581770066,2.7172569616595865e-07,0.1520330309867859
520,4816370274.075379,0.13026451086359458,2.2157368562147894e-07,0.15520134568214417
521,4816542018.677242,0.13026399158421062,1.8413355462598702e-07,0.1664929836988449
522,4816715833.521897,0.1302641971119933,1.948859136291503e-07,0.17805951833724976
523,4816884876.048223,0.13026496154530767,1.8480028529666015e-07,0.17413367331027985
524,4817053862.165126,0.1302650316709656,1.95275433156894e-07,0.17959268391132355
525,4817229573.396597,0.13026473592610557,2.1858701870769437e-07,0.15870654582977295
526,4817401654.491299,0.13026499776807024,1.963082922884496e-07,0.16952066123485565
527,4817573768.572307,0.13026527055326415,1.7727282397572708e-07,0.17379847168922424
528,4817745519.289561,0.13026488140973372,1.804677083327988e-07,0.16434529423713684
529,4817919236.214072,0.1302650102201031,1.813855874388537e-07,0.1797780990600586
530,4818091706.062744,0.13026540495226893,1.4314373686374893e-07,0.19928744435310364
531,4818266888.47778,0.1302653165369847,1.5354406457390724e-07,0.16591933369636536
532,4818438935.192823,0.1302655484121931,1.4985114660248655e-07,0.18858635425567627
533,4818615644.851507,0.13026567300504804,1.720574971386668e-07,0.1563100665807724
534,4818789608.659057,0.1302655748216984,1.5075714543399954e-07,0.1722354143857956
535,4818963175.186057,0.13026587771120063,1.3875877868940734e-07,0.1889473795890808
536,4819138225.756879,0.130265895127686,1.4450340302119002e-07,0.1759028434753418
537,4819309230.126185,0.13026615140067352,1.3889554395518644e-07,0.1957322210073471
538,4819481799.474776,0.13026573604665734,1.4784306756610022e-07,0.19262617826461792
539,4819655016.511345,0.1302663476222543,1.4412127313789824e-07,0.18923266232013702
540,4819826722.792761,0.1302663233516509,1.8591146044855122e-07,0.17903901636600494
541,4820001517.625853,0.13026651484931445,2.066118724997068e-07,0.17246371507644653
542,4820170596.5108795,0.13026698335681158,2.047791980430702e-07,0.1647019237279892
543,4820343365.864781,0.13026647679090267,1.6437900285382057e-07,0.18658065795898438
544,4820514338.477061,0.13026661217806942,1.945264784808387e-07,0.1634603887796402
545,4820686068.08593,0.13026636399572963,1.7434020094242442e-07,0.16964547336101532
546,4820859087.32819,0.13026684286128257,1.7000749608087062e-07,0.19081877171993256
547,4821032766.753947,0.13026660699349,2.109578502995646e-07,0.16775061190128326
548,4821204905.022984,0.13026678770151937,1.7990670642120676e-07,0.17109400033950806
549,4821378384.882156,0.13026717063705578,2.2250496556353028e-07,0.14517797529697418
550,4821552694.3533535,0.13026704663332486,1.6729227070300112e-07,0.17304159700870514
551,4821718875.857744,0.13026713384467084,1.7499689874966862e-07,0.157109797000885
552,4821892160.454849,0.13026736700476568,1.8721038941293955e-07,0.16348865628242493
553,4822069563.881439,0.1302675926139403,2.0177114379293926e-07,0.16615208983421326
554,4822180851.121034,0.13026942807251904,7.532618724326312e-07,0.20744559168815613
555,4822457375.72847,0.13026753645286326,4.819459036298213e-07,0.17137186229228973
556,4822588978.116957,0.1302675310997879,2.3281840810795984e-07,0.13545306026935577
557,4822764859.54015,0.1302682307968979,2.0965075009371503e-07,0.13739757239818573
558,4822935736.408741,0.13026778434374936,1.6469485331072065e-07,0.1564495712518692
559,4823106799.6498165,0.13026795341134875,1.5291553268070857e-07,0.16889792680740356
560,4823283459.61327,0.13026810010540105,1.5137514708385424e-07,0.17087168991565704
561,4823456979.17952,0.1302679443934591,2.0513593312898593e-07,0.10687893629074097
562,4823634279.726049,0.13026790283915418,1.7337721658350347e-07,0.18428409099578857
563,4823814054.044645,0.13026819560027747,1.9796576111730246e-07,0.12806200981140137
564,4823959457.616666,0.13026849361255172,2.0093253283448576e-07,0.11998897790908813
565,4824152454.303574,0.13026864365302834,1.7331269930309645e-07,0.13652396202087402
566,4824320168.593369,0.1302685678350229,1.9921414207146881e-07,0.14558060467243195
567,4824497219.82843,0.13026862239789558,2.0675706480233202e-07,0.13246625661849976
568,4824661164.877242,0.1302684941277847,1.963443878594262e-07,0.16038236021995544
569,4824834079.972222,0.13026876552377867,1.7290204823439126e-07,0.17126283049583435
570,4825006827.570991,0.13026887600909748,2.0288497637466207e-07,0.15373246371746063
571,4825179677.672941,0.1302689428336935,1.9885546009845712e-07,0.17006418108940125
572,4825349715.08437,0.13026891710160732,2.0338983119927434e-07,0.15683798491954803
573,4825522158.571138,0.1302689587982088,2.3305145191443444e-07,0.16403239965438843
574,4825692859.822535,0.13026902506718985,2.287337537154599e-07,0.1652197390794754
575,4825865467.030056,0.13026926872137562,1.7855938949651318e-07,0.18981359899044037
576,4826041234.963005,0.13026951310288631,2.0187296456697368e-07,0.16387973725795746
577,4826215167.972699,0.13026976144415908,1.783663776677713e-07,0.1818295121192932
578,4826386223.636499,0.13026982654731348,1.8883918073697714e-07,0.18225516378879547
579,4826562723.832067,0.1302697882162943,1.7564680376835895e-07,0.1831674426794052
580,4826732004.162199,0.13026976660873021,1.8566402104625013e-07,0.18136222660541534
581,4826910717.323073,0.13026967347042157,1.6849165263010946e-07,0.18762652575969696
582,4827084296.757914,0.13026999836887243,1.9520126670613536e-07,0.1779593974351883
583,4827262006.746344,0.13026983498620745,2.261910907463971e-07,0.1500149369239807
584,4827434000.58898,0.13027030593013839,2.148442916904969e-07,0.14175285398960114
585,4827602981.21712,0.13026995253681065,1.7825014708705567e-07,0.14379800856113434
586,4827776196.784059,0.13027021338904762,1.7707881738715514e-07,0.1545475274324417
587,4827947462.69667,0.130270494758833,1.7810195629408554e-07,0.1610765904188156
588,4828128080.501045,0.13027060879028876,1.7522128814562166e-07,0.15757103264331818
589,4828292689.74907,0.13027055568449497,1.600917585165007e-07,0.16766980290412903
590,4828463191.665182,0.13027063500531988,1.587784623779953e-07,0.15920616686344147
591,4828637469.855667,0.13027051606850898,1.9364891556961084e-07,0.1535070687532425
592,4828807664.055439,0.1302705633695816,1.6465224916828447e-07,0.16428910195827484
593,4828980365.022165,0.1302712595836999,2.0777252984771621e-07,0.1478160172700882
594,4829152330.515051,0.13027106573154973,2.222896142711761e-07,0.14483597874641418
595,4829325467.853999,0.1302709923669613,2.3130067461352155e-07,0.1599530577659607
596,4829495689.629944,0.13027111057503143,2.4115544761116325e-07,0.15010447800159454
597,4829666738.076089,0.1302712411676283,2.3710533980647597e-07,0.14748090505599976
598,4829843724.436411,0.13027135208417667,2.2016308776073856e-07,0.17585310339927673
599,4830016034.469169,0.13027136115238386,2.139302495152151e-07,0.1720273196697235
600,4830189214.1333475,0.13027169322899274,2.0269854417165334e-07,0.17444588243961334
601,4830361502.771086,0.13027140944543425,1.8625458153564978e-07,0.1675771176815033
602,4830533247.277261,0.13027147031710126,1.967037093209001e-07,0.1770079880952835
603,4830708841.880728,0.1302712907261937,2.2720962533639977e-07,0.15360219776630402
604,4830881968.57965,0.1302716804216309,1.9892435432211641e-07,0.1595267802476883
605,4831013675.518008,0.13027107226405418,4.848894263886905e-07,0.17356151342391968
606,4831275759.934712,0.13027116201756891,5.357292707230954e-07,0.1751042753458023
607,4831405105.198984,0.13027193744486953,2.332065918153603e-07,0.15502378344535828
608,4831577414.826208,0.13027225664794634,2.2598950977226195e-07,0.1386198252439499
609,4831793711.354528,0.13027263474342948,5.995732976771251e-07,0.15876688063144684
610,4831922454.399335,0.13027240641468602,1.4403950387986697e-07,0.2064570039510727
611,4832097026.592296,0.13027233253323683,1.6763229382377176e-07,0.15487463772296906
612,4832268849.675058,0.13027251203642828,1.7267873886339657e-07,0.15843971073627472
613,4832439666.979149,0.13027239865414583,1.55904402276974e-07,0.17941464483737946
614,4832611764.164139,0.13027273978570117,1.6148136694482673e-07,0.17836087942123413
615,4832783116.102904,0.13027267890416264,1.7538773988690082e-07,0.16982287168502808
616,4832955444.763786,0.13027287720116315,1.743055122460646e-07,0.16419251263141632
617,4833128410.50468,0.13027303059319767,1.8386126043878903e-07,0.1580304205417633
618,4833299388.551733,0.13027315920707652,1.5707699674294417e-07,0.1592167317867279
619,4833471403.8107195,0.13027292579290276,1.6350010412224947e-07,0.177393838763237
620,4833640577.3986225,0.1302732233082539,2.1620988377435424e-07,0.15278126299381256
621,4833816008.526883,0.13027302607262894,2.445808036100061e-07,0.1487591564655304
622,4833992825.607576,0.1302735014664452,2.749183636296948e-07,0.13973583281040192
623,4834163463.373506,0.13027307240467664,2.064651027922082e-07,0.1747346669435501
624,4834335052.887774,0.1302739550344205,2.2027714408068277e-07,0.17497803270816803
625,4834512274.786586,0.13027290691622098,1.7871970214855537e-07,0.1843394786119461
626,4834685172.141691,0.1302732793085001,1.9009519292012556e-07,0.15938016772270203
627,4834859167.490176,0.13027364972372352,2.0189465033126908e-07,0.15844155848026276
628,4835030917.556797,0.1302737775756248,2.3830918394196487e-07,0.1473603993654251
629,4835202487.015316,0.13027338698846205,2.3348972888470598e-07,0.14439554512500763
630,4835380557.2524805,0.13027360965625995,2.406885357686406e-07,0.12688446044921875
631,4835552374.683747,0.1302737707063739,2.54795480714165e-07,0.14448541402816772
632,4835724071.065682,0.1302743101848392,1.7880998370856105e-07,0.17878514528274536
633,4835897947.138563,0.13027451324766895,2.1784063619634253e-07,0.15368357300758362
634,4836071751.894493,0.13027445414802594,1.8677934576771804e-07,0.16623176634311676
635,4836245917.38385,0.13027445447827316,2.0132583244958369e-07,0.17084267735481262
636,4836413691.333443,0.1302740570716265,2.1308147779564024e-07,0.15953873097896576
637,4836590127.740742,0.13027465800031096,1.7728234524838626e-07,0.16532200574874878
638,4836756899.541276,0.13027461153806524,1.3556567068917502e-07,0.18749909102916718
639,4836930645.058157,0.13027456206396895,1.7627786519369693e-07,0.1654880791902542
640,4837104082.082646,0.13027498176889027,1.5867482261455734e-07,0.17270317673683167
641,4837275529.545428,0.13027508424657513,1.3559193234868872e-07,0.18755123019218445
642,4837447832.443722,0.13027506937162098,1.5412825860039447e-07,0.1748521327972412
643,4837615954.20708,0.13027523069945462,1.5208587456072564e-07,0.1921028345823288
644,4837795330.003497,0.1302752841912319,1.7937925633759733e-07,0.1789168268442154
645,4837946098.5092535,0.1302757666713255,2.2498478813304246e-07,0.18094046413898468
646,4838149553.072756,0.13027515793392466,2.410855870493833e-07,0.21029812097549438
647,4838306316.36501,0.13027512063334523,1.716866506740189e-07,0.17778556048870087
648,4838479449.973038,0.1302754171293744,1.8256621103773796e-07,0.1961127519607544
649,4838659680.714488,0.13027531115787713,1.9753140634293231e-07,0.17813636362552643
650,4838833801.049198,0.13027554457441098,1.9279946172900964e-07,0.17607533931732178
651,4839005001.5341425,0.13027561710590221,1.7054524903414858e-07,0.18403758108615875
652,4839179164.095105,0.1302758210805643,2.0212998208535282e-07,0.17009954154491425
653,4839354442.967646,0.13027592908552804,1.8789847899824963e-07,0.17387570440769196
654,4839527250.356566,0.13027592518373582,2.070262752340568e-07,0.1630481630563736
655,4839703891.147485,0.1302759034622807,1.6089136067876098e-07,0.18087215721607208
656,4839872466.3613615,0.1302758388925424,1.9611790946783003e-07,0.17544008791446686
657,4840044682.066137,0.13027650502594437,1.9794974548403843e-07,0.167586088180542
658,4840216813.536948,0.1302767569926097,1.8692935555009171e-07,0.19536173343658447
659,4840388694.65413,0.1302766066372226,1.9787469796028745e-07,0.17101643979549408
660,4840559633.260378,0.1302762577026941,2.0366292119433638e-07,0.16305842995643616
661,4840732415.501868,0.13027660910670671,1.998697030103358e-07,0.180254265666008
662,4840898968.482793,0.13027652850889412,2.3264789206223213e-07,0.15119855105876923
663,4841078289.858637,0.13027668070334664,1.4563003958301124e-07,0.1785074919462204
664,4841250584.9476385,0.13027704163071832,1.6436572991551657e-07,0.154688760638237
665,4841421676.619821,0.13027692934691681,1.4362979072757298e-07,0.18112844228744507
666,4841595329.266708,0.13027691031878696,1.3243624152892153e-07,0.17732053995132446
667,4841767219.281326,0.130276988423316,1.5416476628615783e-07,0.18533781170845032
668,4841940473.871069,0.13027731320768662,1.5104875217275548e-07,0.18002480268478394
669,4842111971.760653,0.1302773609860971,1.5801738584286795e-07,0.1647348403930664
670,4842287761.444684,0.13027723458194673,1.8703127580010914e-07,0.16051794588565826
671,4842460841.156974,0.1302774777115783,1.8760540854145802e-07,0.15465882420539856
672,4842630111.098278,0.13027748075376774,1.7519371908747416e-07,0.1687847375869751
673,4842802872.537953,0.13027772073037963,1.3864215020475967e-07,0.2013772577047348
674,4842976742.1288595,0.1302778984298247,1.7990753065078025e-07,0.18033073842525482
675,4843153172.479781,0.13027809378296204,1.802763733849133e-07,0.18966838717460632
676,4843325013.799424,0.13027803631448656,2.1113989134846634e-07,0.17216894030570984
677,4843506447.950557,0.13027833057161578,2.5997030661528697e-07,0.15528042614459991
678,4843677335.54438,0.13027778488639663,1.5884374704455695e-07,0.1866888403892517
679,4843849982.989325,0.13027833605644146,2.1058123422790231e-07,0.1739475131034851
680,4844017573.614854,0.1302786468025333,2.3144704641708813e-07,0.18543682992458344
681,4844193003.43028,0.1302787110881537,2.1891639789828332e-07,0.163486048579216
682,4844362278.281792,0.13027858292152233,1.768692783343795e-07,0.1956075131893158
683,4844536411.27906,0.13027887331950225,2.2633292928730953e-07,0.16932012140750885
684,4844705453.054972,0.13027882888012762,2.3124343329072872e-07,0.17472322285175323
685,4844881235.114583,0.13027846300538276,2.192165311498684e-07,0.17275802791118622
686,4845051535.095232,0.13027864304422856,1.964306619584022e-07,0.1721513867378235
687,4845224246.459886,0.13027896821531618,1.5657722940431995e-07,0.19234783947467804
688,4845397509.999607,0.13027911605917586,1.7526382123378426e-07,0.17036359012126923
689,4845568871.512114,0.13027921965165226,2.0020705449041998e-07,0.15509285032749176
690,4845741640.643118,0.13027886074966927,1.999954406528559e-07,0.15421564877033234
691,4845915787.975375,0.13027931694400163,1.7677521668701957e-07,0.16386768221855164
692,4846087111.599101,0.1302793339741107,1.817076338284096e-07,0.1657484769821167
693,4846260312.214842,0.1302795169623439,1.6233158817158255e-07,0.18597689270973206
694,4846434831.532131,0.13027960183194617,1.5505884221056476e-07,0.1821778118610382
695,4846607271.129007,0.13027942624633013,1.933137525611528e-07,0.16335761547088623
696,4846781641.83684,0.1302794921540476,1.4904888701039454e-07,0.17509980499744415
697,4846910705.683604,0.1302795741601376,4.2348031570327294e-07,0.15609833598136902
698,4847127240.276819,0.13027981718194936,1.395692237338153e-07,0.1777835339307785
699,4847298177.869517,0.13027977652909245,1.8781210542329063e-07,0.16304630041122437
700,4847473525.588675,0.1302800836526579,1.5365861827376648e-07,0.1721162050962448
701,4847648094.341207,0.13028005677262594,1.936251408096723e-07,0.17220965027809143
702,4847820741.769098,0.1302805302829798,1.8871131146624975e-07,0.16926509141921997
703,4847995192.8724165,0.13028040231375018,1.9414036955822667e-07,0.18505237996578217
704,4848158938.993753,0.13028097166212868,2.395878482275293e-07,0.18922662734985352
705,4848344953.568589,0.13028000965381267,3.045179255423136e-07,0.17160038650035858
706,4848517327.259007,0.13028014046640524,2.208822706961655e-07,0.17491178214550018
707,4848687166.596621,0.13028047436206366,2.2561822277111787e-07,0.17521080374717712
708,4848852697.803343,0.1302806278330625,2.0460701932734082e-07,0.14988043904304504
709,4849025702.565322,0.13028088391162762,1.865136312062532e-07,0.17244945466518402
710,4849200427.899361,0.1302808771187017,1.7148238384834258e-07,0.18480317294597626
711,4849366476.201993,0.130280865994842,2.0872342076927453e-07,0.16794556379318237
712,4849543335.217673,0.13028094154500863,1.9542935092431435e-07,0.1746167093515396
713,4849715621.377861,0.13028090704275982,2.057346506489921e-07,0.15393421053886414
714,4849889693.986403,0.1302808680919799,1.5524283014656248e-07,0.17774401605129242
715,4850062058.699365,0.13028122870316586,1.6691920734501764e-07,0.1744748055934906
716,4850234679.171527,0.130281261148616,1.8258786838032393e-07,0.15600192546844482
717,4850412585.964115,0.13028113940358252,2.051390026736044e-07,0.14760982990264893
718,4850583625.375649,0.13028116755164112,1.3509772145425814e-07,0.1854337453842163
719,4850756731.292252,0.13028153563250897,1.4337314269141643e-07,0.17678654193878174
720,4850927851.219623,0.13028143524078828,1.778411018449333e-07,0.1539488434791565
721,4851102668.30206,0.13028167840117816,1.7832640253345744e-07,0.15157748758792877
722,4851276211.800768,0.13028180830315472,1.820902610916164e-07,0.1392154097557068
723,4851449726.672769,0.13028206656687824,1.703341041547901e-07,0.13596339523792267
724,4851617758.511366,0.1302818575951165,1.8028221404620126e-07,0.14673447608947754
725,4851790204.856628,0.13028184371082385,1.7801916385451477e-07,0.14826880395412445
726,4851963472.007901,0.13028235577224384,2.1759890955763694e-07,0.13125242292881012
727,4852142975.137969,0.13028183401851262,1.9770062920088094e-07,0.16140414774417877
728,4852315178.578043,0.13028205217513983,2.471658149261202e-07,0.1299048364162445
729,4852485015.210149,0.13028224279872233,2.031506625144175e-07,0.1513662040233612
730,4852655854.818726,0.13028243139192866,1.9622002866981347e-07,0.14587949216365814
731,4852827439.115018,0.1302822102532844,2.5172190021294227e-07,0.12994889914989471
732,4852998950.196894,0.130282586462101,1.9929186123590625e-07,0.1535576730966568
733,4853172318.56353,0.13028302120446356,2.226902751090165e-07,0.17275026440620422
734,4853342336.2048435,0.1302831231469865,1.7584387990154937e-07,0.1852293312549591
735,4853514287.523609,0.130282793963255,2.0193331806694914e-07,0.16296686232089996
736,4853689710.959062,0.13028280824004607,2.030153041232552e-07,0.14709918200969696
737,4853858870.4102,0.13028343292863429,1.9084538394054107e-07,0.16870328783988953
738,4854033108.346608,0.13028290777318102,1.8690192860049137e-07,0.1621551364660263
739,4854207364.437782,0.1302829733349184,1.6847769757077913e-07,0.16549481451511383
740,4854382582.731529,0.13028330797046275,1.7632780213716615e-07,0.17429165542125702
741,4854557783.627482,0.1302834725897661,1.7813171382385917e-07,0.1741427630186081
742,4854732672.86212,0.13028348554036132,1.7494085113867186e-07,0.16967566311359406
743,4854905373.840868,0.13028359607932166,2.0255403399005445e-07,0.1484449803829193
744,4855080152.455549,0.13028380299949285,2.0756148444434075e-07,0.13801410794258118
745,4855792383.426507,0.130283546479571,4.105634729967278e-07,0.14914439618587494
746,4855936900.017937,0.13028373366816137,1.9007660512215807e-07,0.13060764968395233
747,4856122131.021685,0.13028375857327995,1.5688036114624992e-07,0.14976640045642853
748,4856285155.5453,0.13028417583544127,1.6720767348488152e-07,0.16156846284866333
749,4856463588.056697,0.13028458895085746,2.2913093289389508e-07,0.13324013352394104
750,4856630644.508036,0.1302845491252134,2.171594104538599e-07,0.15914997458457947
751,4856801666.195235,0.1302847194357544,2.3098417045730457e-07,0.1484888345003128
752,4856975017.594626,0.13028456827472124,1.9442437348970998e-07,0.16184189915657043
753,4857146682.761522,0.13028421398391796,2.08925683864436e-07,0.1574508249759674
754,4857321891.244912,0.1302844473022588,1.9195201161892328e-07,0.1666676253080368
755,4857491764.591812,0.13028464882589905,1.716520756644968e-07,0.17529694736003876
756,4857662770.948988,0.1302845464564458,1.9844304688376724e-07,0.16542042791843414
757,4857838048.362474,0.13028490097059964,1.8384268685167626e-07,0.18243440985679626
758,4858007521.277946,0.13028495169518853,1.7274916785936512e-07,0.18552346527576447
759,4858178296.794739,0.13028522068245993,2.2614003114540537e-07,0.15490591526031494
760,4858353513.135536,0.1302855660655168,2.6449163215147564e-07,0.15857160091400146
761,4858530561.165599,0.13028559025478917,2.2409662392419705e-07,0.19023306667804718
762,4858699783.734772,0.1302858125184171,2.154889244820879e-07,0.175883948802948
763,4858878346.972243,0.13028551045298759,1.949138521695204e-07,0.1751064509153366
764,4859048488.517832,0.13028561125534108,1.8571005000467267e-07,0.19787092506885529
765,4859225841.008507,0.13028535850318304,1.4153020799767546e-07,0.18576958775520325
766,4859399494.73068,0.1302860457411297,1.7664282836449274e-07,0.17298363149166107
767,4859575790.707935,0.13028615627596696,1.7608242330879875e-07,0.16972745954990387
768,4859747076.651291,0.13028593769126426,1.504308642097385e-07,0.17841626703739166
769,4859917421.3479805,0.1302861718320989,1.5502752148677246e-07,0.16797609627246857
770,4860083632.573763,0.1302860630720865,1.6349824250028178e-07,0.17041237652301788
771,4860257240.254666,0.13028627876787552,1.8299135717825266e-07,0.16511750221252441
772,4860432954.774888,0.13028611925150027,1.6839909733334935e-07,0.16893921792507172
773,4860600985.576964,0.13028638528189532,1.9098210657375603e-07,0.16166375577449799
774,4860777632.896841,0.13028680254530473,1.9267100981323892e-07,0.15984264016151428
775,4860947878.054047,0.13028658113723754,1.5844325673697313e-07,0.16787666082382202
776,4861119880.371702,0.13028680922525368,2.285609923546872e-07,0.13643717765808105
777,4861290477.564356,0.1302869926948327,1.8438652205077233e-07,0.17475007474422455
778,4861463552.902497,0.1302870387013607,2.441305184675002e-07,0.14079421758651733
779,4861635392.309324,0.1302863397020303,1.9803761119874252e-07,0.1734105795621872
780,4861811148.620732,0.13028702573339354,2.2511218844556424e-07,0.14689582586288452
781,4861983015.148776,0.13028693337936992,2.0840951719947043e-07,0.1535433530807495
782,4862154440.439908,0.13028688336819638,1.6796089141735138e-07,0.19288602471351624
783,4862329083.535519,0.13028694820073736,1.8241217958347988e-07,0.18807154893875122
784,4862505392.062655,0.1302873770660719,2.0523741284250718e-07,0.16440632939338684
785,4862676354.705186,0.13028754587177543,1.9463399780761392e-07,0.16743554174900055
786,4862852509.945747,0.13028763729707304,2.080623886513422e-07,0.16376787424087524
787,4863022491.558321,0.13028732500044657,2.0333953898443724e-07,0.16481585800647736
788,4863200372.227067,0.13028726444414646,2.398722926955088e-07,0.13736356794834137
789,4863377224.846344,0.13028764996062264,2.0429672531463439e-07,0.17628677189350128
790,4863545789.629975,0.13028793559013074,1.5808822695362323e-07,0.1824333816766739
791,4863718004.508961,0.13028755943246415,1.758109959837384e-07,0.15794841945171356
792,4863894152.498937,0.13028818350579563,1.8457649275660515e-07,0.17292959988117218
793,4864064256.980329,0.1302876506552396,1.694297679932788e-07,0.18266752362251282
794,4864240945.187485,0.13028806535532392,1.4661038960639416e-07,0.19429636001586914
795,4864407108.367278,0.13028829698847022,1.5711397338691313e-07,0.17368094623088837
796,4864575183.8319845,0.13028815512669611,1.772863100768518e-07,0.16440756618976593
797,4864749537.451416,0.130288567553281,1.9920231864034577e-07,0.17507660388946533
798,4864921694.731175,0.13028858601144308,1.7364050108881202e-07,0.169062539935112
799,4865092793.926048,0.13028859176369834,1.7186273737479496e-07,0.16480529308319092
800,4865268929.473662,0.1302890367421384,1.7178977884668711e-07,0.15463078022003174
801,4865441627.42526,0.13028854631941392,1.4643079282450344e-07,0.17658257484436035
802,4865610737.17103,0.13028877955153528,1.7206910740696912e-07,0.15717285871505737
803,4865781421.779291,0.1302886034963454,1.7358760828756203e-07,0.17610664665699005
804,4865956757.962035,0.13028908281223048,1.4213387089512253e-07,0.19555255770683289
805,4866130289.6288805,0.13028876744048998,1.8824988501364714e-07,0.16961808502674103
806,4866304311.564026,0.13028910196874785,1.8842919757844356e-07,0.17709878087043762
807,4866479012.377755,0.1302892996226882,1.8863099171539943e-07,0.16329441964626312
808,4866653793.458032,0.13028955634507755,1.7083129932871088e-07,0.19120392203330994
809,4866825623.903906,0.13028934333269762,2.0138568856964412e-07,0.15390896797180176
810,4866992383.92813,0.13028939181636792,1.6991242546282592e-07,0.17995965480804443
811,4867171669.338956,0.13028933624425765,1.8010186408901063e-07,0.1822301298379898
812,4867346100.31292,0.1302893985372945,2.129040126419568e-07,0.1735064685344696
813,4867521932.395324,0.13028949574129975,1.6495242505243368e-07,0.1828511655330658
814,4867694609.244433,0.13029000647489314,2.2612768191265786e-07,0.1473674774169922
815,4867869134.213197,0.13028967172806627,1.9295269737540366e-07,0.1691768914461136
816,4868039213.580429,0.13029007106996168,1.868392160986332e-07,0.16413597762584686
817,4868214369.076872,0.13029031946818012,1.8322081984933902e-07,0.17053018510341644
818,4868384819.282774,0.13029045909187933,2.1119888060638914e-07,0.16322526335716248
819,4868556165.477849,0.13029003213369778,1.884992428813348e-07,0.18147103488445282
820,4868724973.970759,0.1302900536610667,1.8376444188561436e-07,0.1876463145017624
821,4868902717.265425,0.13029066227760647,1.9486799374135444e-07,0.14660723507404327
822,4869067386.187351,0.13029057717416434,1.6638902877730288e-07,0.16539542376995087
823,4869242773.386841,0.13029016350339154,2.39024416259781e-07,0.16995097696781158
824,4869416810.610676,0.13029076429474074,1.873333559387902e-07,0.17963293194770813
825,4869586210.91212,0.13029065160818049,1.4045238572180097e-07,0.19131135940551758
826,4869760141.004873,0.13029076940656067,1.4691646299525019e-07,0.18248119950294495
827,4869931632.782256,0.13029144232631393,2.0397213518208446e-07,0.14870895445346832
828,4870107335.509838,0.13029110277112263,1.715944932811908e-07,0.16134995222091675
829,4870275373.828055,0.13029124264768713,1.6791301504781586e-07,0.17100992798805237
830,4870451613.247165,0.1302913960882703,1.742678250593599e-07,0.18598292768001556
831,4870632550.132627,0.13029131103038974,1.9425506536663306e-07,0.1722595989704132
832,4870799987.125998,0.1302913912191642,1.6128686297633976e-07,0.19500601291656494
833,4870972538.335634,0.13029193904993697,1.6499653554546967e-07,0.19364327192306519
834,4871147416.415389,0.13029164002071428,1.7460260437474062e-07,0.1821407526731491
835,4871320284.721025,0.13029190001057694,1.7362224014050298e-07,0.18599453568458557
836,4871493672.3092375,0.13029160148270327,1.8476750085483218e-07,0.1881365031003952
837,4871667759.394761,0.13029186494970263,1.5465909086742613e-07,0.2010609358549118
838,4871841882.275439,0.13029228617486,1.7044081346284656e-07,0.18923136591911316
839,4872015363.27136,0.13029206375343222,1.859970666373556e-07,0.18954284489154816
840,4872185560.666868,0.13029219876249057,2.0238327635979658e-07,0.18628649413585663
841,4872356296.499199,0.13029215133943498,2.144619628552391e-07,0.193476602435112
842,4872530726.835957,0.13029249455022873,2.071305829076664e-07,0.1721082478761673
843,4872698740.126657,0.13029275382108477,1.964544082966313e-07,0.20471301674842834
844,4872876334.443176,0.1302922180987871,2.0572225878368045e-07,0.18354786932468414
845,4873043845.082028,0.13029300788018022,1.6192444718399202e-07,0.18878234922885895
846,4873218313.33767,0.13029290222603124,1.8482680275155872e-07,0.18243487179279327
847,4873391387.794963,0.13029284131370664,1.667040834263389e-07,0.17900285124778748
848,4873560031.685805,0.1302932064357858,1.2867405985161895e-07,0.1939748376607895
849,4873734183.719538,0.13029323266425413,1.451722226875063e-07,0.18083947896957397
850,4873905762.0275345,0.1302937350374403,1.5206784098609205e-07,0.18750417232513428
851,4874077976.488631,0.13029333446258318,1.2758539469359675e-07,0.20165695250034332
852,4874258762.089566,0.13029356875602494,1.6246697498445428e-07,0.17721107602119446
853,4874428371.268878,0.13029351302170974,1.5513427342739305e-07,0.18692266941070557
854,4874601889.717293,0.13029373468248628,1.4123165215096378e-07,0.18126896023750305
855,4874775130.637811,0.13029395496326202,1.578782473643514e-07,0.17598272860050201
856,4874947819.386809,0.1302944916610068,1.6190389828807383e-07,0.1912071257829666
857,4875117959.918318,0.13029396551102873,1.9126591155327333e-07,0.16582387685775757
858,4875300747.556341,0.1302942499286304,2.6057153945657774e-07,0.2052035927772522
859,4875464165.751775,0.13029437017481826,1.6578270845002407e-07,0.21465562283992767
860,4875641316.784592,0.13029460758059255,3.0324338240461657e-07,0.17270022630691528
861,4875820653.39171,0.13029476863878744,1.7284099840253475e-07,0.21137215197086334
862,4875990571.680657,0.1302950055189372,2.1765320923350373e-07,0.16875571012496948
863,4876164291.220479,0.13029440409790277,2.0956944979388936e-07,0.19136998057365417
864,4876337370.317382,0.13029473901757704,1.710774455432329e-07,0.21648666262626648
865,4876508369.228281,0.13029487056088906,2.060023689409718e-07,0.17744076251983643
866,4876678978.796421,0.1302946722322749,1.8347751051805972e-07,0.19263774156570435
867,4876849373.944568,0.13029518838298598,1.887290181912249e-07,0.19157272577285767
868,4877019299.306844,0.13029528008305724,1.9350535751527786e-07,0.1801747828722
869,4877194002.352503,0.13029552412315246,1.7403019114681229e-07,0.19187718629837036
870,4877368177.4604435,0.13029531472894437,1.536552645120537e-07,0.18995945155620575
871,4877537279.038143,0.13029542404270958,1.6873224240043783e-07,0.18402668833732605
872,4877709059.347261,0.13029555586354288,1.6016601023238763e-07,0.18592925369739532
873,4877885830.469347,0.130295724267165,1.5710126888279774e-07,0.18650159239768982
874,4878053287.826638,0.13029590823330153,1.4786654389808973e-07,0.164503276348114
875,4878228342.225934,0.13029584722325505,1.574669141746199e-07,0.1567993015050888
876,4878400695.80291,0.1302959055418604,1.506032276665792e-07,0.17609187960624695
877,4878579211.915092,0.13029582971661754,1.7477033509294415e-07,0.17888998985290527
878,4878751141.3532915,0.1302961321235459,2.1366795976973663e-07,0.13925676047801971
879,4878923905.781823,0.1302964954772979,1.7537391272526293e-07,0.15436598658561707
880,4879094974.648103,0.1302962830784713,1.8627206088694948e-07,0.15200954675674438
881,4879273682.158994,0.13029632361601415,1.799772206823036e-07,0.15605789422988892
882,4879432702.252421,0.13029639649286034,1.283392663253835e-07,0.18305793404579163
883,4879611353.448328,0.1302967068807491,2.0137814260579034e-07,0.16675905883312225
884,4879787464.116339,0.1302971584576106,2.0741967432513775e-07,0.15143288671970367
885,4879961159.132847,0.13029664508562042,2.3896222955954727e-07,0.15325301885604858
886,4880135623.863008,0.13029709745482085,2.0586124094279512e-07,0.1719236969947815
887,4880310652.480456,0.130297333332493,2.3877882426859287e-07,0.14880025386810303
888,4880478309.951368,0.13029733686253345,2.0133860800797265e-07,0.17132365703582764
889,4880652478.05996,0.130297274475104,2.3277529237475392e-07,0.14267732203006744
890,4880822554.792041,0.13029720169337053,2.1435459984786576e-07,0.16128481924533844
891,4880993392.751494,0.1302975249543562,1.8696563586217962e-07,0.18179942667484283
892,4881167385.173324,0.1302973541423123,1.6922378165418195e-07,0.18967948853969574
893,4881339758.318756,0.13029770517903283,1.6443975425772805e-07,0.18825484812259674
894,4881510091.064731,0.1302975941294774,1.854420617064534e-07,0.18607881665229797
895,4881684690.50152,0.13029773582353965,1.8696098891268775e-07,0.17870278656482697
896,4881856843.558232,0.13029784059442318,2.1931258231688844e-07,0.15389743447303772
897,4882029344.135039,0.13029760406261703,1.5955525611843768e-07,0.18472041189670563
898,4882198011.347214,0.1302982287290965,2.0144153722867486e-07,0.16576889157295227
899,4882374996.292522,0.13029830730055209,1.7390462403454876e-07,0.1821814328432083
900,4882550481.094633,0.13029825017362032,1.4947691795441642e-07,0.18690507113933563
901,4882727924.4078045,0.13029831991658575,1.72587903080057e-07,0.17090991139411926
902,4882895542.963781,0.13029836513094425,1.808968761451979e-07,0.15843579173088074
903,4883069671.022336,0.13029861122754474,1.7256157036626973e-07,0.14594657719135284
904,4883239270.2062025,0.13029845878471047,1.9604546253049193e-07,0.1348738968372345
905,4883380105.490887,0.13029784587567037,6.418796374418889e-07,0.14369672536849976
906,4883593271.690841,0.13029864455947854,1.4534940362409543e-07,0.17437879741191864
907,4883730936.682109,0.13029882203645643,3.026821389084944e-07,0.16464486718177795
908,4883936582.834304,0.13029891939504895,1.6646843903345143e-07,0.1585816591978073
909,4884108493.475046,0.13029917185848558,1.7386457784596132e-07,0.15947343409061432
910,4884281208.416128,0.1302989016980944,2.2417839318222832e-07,0.1392471194267273
911,4884495634.86745,0.13029891122229195,6.845751272521738e-07,0.13847126066684723
912,4884624760.798768,0.130299620729914,2.1050814780210203e-07,0.1476394236087799
913,4884797037.742707,0.1302995777773237,2.030504617778206e-07,0.14923474192619324
914,4884969597.606849,0.1302991971827789,1.748818050373302e-07,0.16555029153823853
915,4885144368.493698,0.13029970657203835,2.0974067638235283e-07,0.16772529482841492
916,4885313078.158962,0.130299622262679,2.172447608472794e-07,0.15671758353710175
917,4885483536.35251,0.13030019732899456,2.117847799354422e-07,0.15591375529766083
918,4885654062.839403,0.13029996846064837,2.513073411591904e-07,0.14003244042396545
919,4885830448.115462,0.13030009666326722,1.9432974340816145e-07,0.15739789605140686
920,4886002898.672129,0.13030029410925012,1.8934555612304393e-07,0.15418997406959534
921,4886174685.455483,0.13030014573094273,1.8076678998113493e-07,0.1765361726284027
922,4886348732.4349165,0.13030007362427384,1.8575977378532116e-07,0.15794995427131653
923,4886520085.271606,0.13030053612644052,2.2366921825778263e-07,0.16045629978179932
924,4886695521.289798,0.13030035367301834,1.8617689079292177e-07,0.16889864206314087
925,4886866182.104608,0.13030039618433126,1.9877097656717524e-07,0.1567762941122055
926,4887048010.795826,0.13030030728448738,1.9647707460990205e-07,0.15842871367931366
927,4887222276.610233,0.13030086626661605,1.5421852594954544e-07,0.17646487057209015
928,4887388585.144811,0.1303007663274554,1.5949397891290573e-07,0.15670619904994965
929,4887565318.531419,0.13030056855196048,1.4701770112424128e-07,0.17048098146915436
930,4887737616.526781,0.13030067526961606,1.5219869453630963e-07,0.16682124137878418
931,4887912197.525472,0.1303011029644893,1.3982268853851565e-07,0.19616609811782837
932,4888078092.827661,0.13030104275747698,1.539206664347148e-07,0.17964380979537964
933,4888256345.404308,0.13030128310088282,1.8841299720406823e-07,0.15739546716213226
934,4888425866.677951,0.13030126798212763,1.7545768571380904e-07,0.17281460762023926
935,4888595933.825283,0.13030155197533297,1.7775947469544917e-07,0.18259452283382416
936,4888767958.754268,0.130301220536236,2.1972149966131838e-07,0.1683097630739212
937,4888943522.196502,0.1303026607879828,3.367737235748791e-07,0.199551522731781
938,4889115558.974321,0.13030163837065611,3.318791925721598e-07,0.1856904774904251
939,4889289690.80451,0.13030187487965975,2.547330950619653e-07,0.15708816051483154
940,4889460201.754311,0.13030183461543526,2.4092912553896895e-07,0.15849097073078156
941,4889626317.058899,0.13030193344544536,1.524795720797556e-07,0.18712738156318665
942,4889809565.769461,0.13030178334028902,1.9844081577957695e-07,0.1688529998064041
943,4889975257.767357,0.1303019956505333,1.8274799629125482e-07,0.18837006390094757
944,4890145613.524525,0.13030192898458648,1.982114525844736e-07,0.18010607361793518
945,4890315199.261978,0.13030213765141802,2.3367299206711323e-07,0.162007138133049
946,4890497862.321368,0.13030256817523175,2.6071839442920464e-07,0.15865886211395264
947,4890663116.561407,0.13030239075708538,2.1254764703826368e-07,0.17248089611530304
948,4890843611.772509,0.13030218518172051,1.7287408127231174e-07,0.20319779217243195
949,4891017009.873392,0.1303026572198543,1.9339969981047034e-07,0.19266194105148315
950,4891193008.7969055,0.13030256160641568,1.81875719817981e-07,0.1872522234916687
951,4891366230.760887,0.13030270231473567,1.7971549937101372e-07,0.18635880947113037
952,4891545106.904819,0.13030249395248536,2.2441295755015744e-07,0.1668032854795456
953,4891716397.8658285,0.13030298597261603,1.90671443078827e-07,0.1738985776901245
954,4891889566.876576,0.13030308132076446,1.5816704035387374e-07,0.17311033606529236
955,4892056206.792236,0.13030301998404625,1.4479125809430116e-07,0.17332032322883606
956,4892227957.383048,0.1303033245886388,1.5045559109694295e-07,0.18311607837677002
957,4892400422.733763,0.13030316217821947,1.3432294565518532e-07,0.19310559332370758
958,4892569538.737118,0.13030321221935653,1.5965018462793523e-07,0.17798922955989838
959,4892748322.445885,0.13030351354174755,1.5211642789836333e-07,0.2018175572156906
960,4892920726.13175,0.13030366018623063,1.2451457109818875e-07,0.1970292627811432
961,4893092137.234102,0.13030364198030187,9.94750664062849e-08,0.18295609951019287
962,4893257960.68147,0.13030356772333626,1.0190671417831254e-07,0.18909059464931488
963,4893426044.292655,0.1303036574522604,1.417596422470524e-07,0.17416583001613617
964,4893606378.975675,0.13030379101680933,1.3987605029797123e-07,0.19868843257427216
965,4893784857.510742,0.1303039476315933,1.595465732862067e-07,0.1832266002893448
966,4893952758.877945,0.13030405259214214,1.3882920768537588e-07,0.1990901529788971
967,4894113599.1680565,0.1303042961717,1.6338013608674373e-07,0.20074529945850372
968,4894295281.972785,0.13030450773684907,1.8613096131048223e-07,0.1907232105731964
969,4894475700.552913,0.13030365663310856,2.1497289992566948e-07,0.18141205608844757
970,4894644400.940335,0.13030429105785976,1.898399375477311e-07,0.18377470970153809
971,4894820959.635589,0.1303046460841832,2.321804686289397e-07,0.1415891796350479
972,4894997213.863628,0.13030461045714248,1.8911448762537475e-07,0.17411425709724426
973,4895162555.053628,0.1303048964196751,1.4594327524264372e-07,0.1959337443113327
974,4895336781.187705,0.1303050409029697,1.6821716997128533e-07,0.176627054810524
975,4895508382.441085,0.1303051308180696,2.205225655416143e-07,0.1757047474384308
976,4895688909.407602,0.13030522442802123,1.7349607617234142e-07,0.16958089172840118
977,4895863472.78471,0.13030520792957206,1.5776798534261616e-07,0.1868947446346283
978,4896034744.542666,0.1303055524473474,1.7576768129856646e-07,0.17348963022232056
979,4896205268.412499,0.13030567601241813,1.4877619491926453e-07,0.18884052336215973
980,4896377235.337929,0.13030568447740867,1.4441498308315204e-07,0.19168630242347717
981,4896547539.630103,0.13030534718724585,1.4320809782475408e-07,0.18223880231380463
982,4896722260.110463,0.13030538894858076,1.4533323167142953e-07,0.19285953044891357
983,4896892508.006355,0.13030594058797942,1.5997213154150813e-07,0.16911570727825165
984,4897064778.792101,0.1303057397799704,1.7322751943993353e-07,0.1680980622768402
985,4897222147.207195,0.1303058472427162,2.450100282658241e-07,0.18109849095344543
986,4897408352.900827,0.13030562424549585,2.818970585849456e-07,0.20322254300117493
987,4897575840.35318,0.1303061705432043,3.53065331637481e-07,0.21073079109191895
988,4897754969.828163,0.13030612286339205,3.428528145832388e-07,0.18501709401607513
989,4897929770.761006,0.13030694474722662,3.865894484533783e-07,0.15834881365299225
990,4898284667.324195,0.13030619261857607,2.79561362503955e-07,0.18022045493125916
991,4898441719.399837,0.13030709109742888,1.8236337950838788e-07,0.2025444507598877
992,4898616014.396368,0.13030663905122006,1.7496371640390862e-07,0.18012653291225433
993,4898787617.099773,0.13030667387757092,2.1898141255860537e-07,0.1632123440504074
994,4898972775.464583,0.13030728509539602,1.8390331035789131e-07,0.19939318299293518
995,4899141029.2891445,0.13030708408927308,1.9631852410384454e-07,0.16906194388866425
996,4899312730.003954,0.13030733687036405,1.3326415171377448e-07,0.21285293996334076
997,4899487263.594503,0.13030750990147993,1.2038647412282444e-07,0.23889555037021637
998,4899667655.720634,0.1303076480977303,1.514230660859539e-07,0.1960671842098236
999,4899834177.295255,0.13030770631725466,1.305545538343722e-07,0.20550063252449036
1000,4900008534.453818,0.1303078996135632,1.2444756691820658e-07,0.2145318239927292
1001,4900179506.080515,0.13030774274512394,1.2517591585492482e-07,0.2000216692686081
1002,4900347778.514391,0.1303079051647806,1.3898490180963563e-07,0.18986740708351135
1003,4900525031.189702,0.1303080384875556,1.5931117047784937e-07,0.179021954536438
1004,4900699611.619657,0.130308354243722,1.3444561375308695e-07,0.20533929765224457
1005,4900871277.077842,0.13030826083223046,1.3260059006370284e-07,0.21145689487457275
1006,4901039016.936635,0.1303082641933093,1.3582145186319394e-07,0.21024495363235474
1007,4901208512.539926,0.13030836918669522,1.731469012611342e-07,0.18569502234458923
1008,4901384810.675049,0.13030873647515026,1.4008459459091682e-07,0.2064657062292099
1009,4901560908.151165,0.13030876770520608,1.5370306982731563e-07,0.19387255609035492
1010,4901732069.7235365,0.13030902556682142,1.441353418840663e-07,0.18848909437656403
1011,4901901299.834088,0.130308933675562,1.5750083548482507e-07,0.18784072995185852
1012,4902077480.014046,0.13030906439864082,1.2394703219342773e-07,0.19153375923633575
1013,4902247805.174034,0.13030942392489045,1.270284002430344e-07,0.19417011737823486
1014,4902417175.911769,0.13030941115283334,1.3714482349769241e-07,0.1862705498933792
1015,4902593176.318328,0.13030973014628294,1.3532580567243713e-07,0.20192259550094604
1016,4902768337.097273,0.13030967125590673,1.5366585159881652e-07,0.19088420271873474
1017,4902940039.651124,0.1303097519724035,1.6443247830011387e-07,0.18204784393310547
1018,4903114890.293241,0.13030961719751596,1.7254400574984174e-07,0.1847565621137619
1019,4903291067.596643,0.13030979116218433,1.4610775167511747e-07,0.20500408113002777
1020,4903463212.547123,0.13031003390553547,1.2909900704016763e-07,0.20508210361003876
1021,4903636287.377019,0.13031020789907624,1.6033887106914335e-07,0.18944522738456726
1022,4903807100.262262,0.13031065745620263,1.7013041997415712e-07,0.18340623378753662
1023,4903981336.04921,0.13031021726618913,1.532249882529868e-07,0.18991537392139435
1024,4904154409.6087055,0.1303103608301129,1.4707337925301545e-07,0.2047431766986847
1025,4904329270.425924,0.13031034569356303,1.7407298003035976e-07,0.18255029618740082
1026,4904496394.574668,0.13031062222968018,1.4575023499219242e-07,0.19917874038219452
1027,4904669861.795322,0.13031088767705507,1.5151758248066471e-07,0.20045596361160278
1028,4904840811.228141,0.13031108343769324,1.444394399641169e-07,0.18855580687522888
1029,4905007100.128676,0.13031101099252368,1.628936274755688e-07,0.18689240515232086
1030,4905184995.38178,0.13031104940898458,2.04188765451363e-07,0.1759529709815979
1031,4905358352.60437,0.1303107012202902,1.734834285116449e-07,0.18425197899341583
1032,4905531058.644964,0.13031164464793565,1.6235840405443014e-07,0.17091475427150726
1033,4905703118.412338,0.13031097957258275,1.6036118211104622e-07,0.16593150794506073
1034,4905877735.275351,0.13031134606969857,1.3085755767860974e-07,0.1877611130475998
1035,4906049992.627553,0.1303114064071057,1.452629163622987e-07,0.1724051833152771
1036,4906222794.455744,0.13031168406170648,1.7057456602742604e-07,0.15700341761112213
1037,4906394393.62992,0.13031163115499803,1.6020698012653156e-07,0.18114112317562103
1038,4906570394.311528,0.13031199577338137,1.676245773296614e-07,0.17865560948848724
1039,4906739367.274977,0.13031180279915375,1.6539449632091419e-07,0.17276033759117126
1040,4906913845.899921,0.13031214170976171,1.674511622695718e-07,0.1635679006576538
1041,4907085434.31728,0.13031199474718455,1.6887092613160348e-07,0.16194823384284973
1042,4907260301.435542,0.1303120066618894,1.6267037494799297e-07,0.1658315658569336
1043,4907436045.69271,0.130312148336766,1.818166452949299e-07,0.18478257954120636
1044,4907611492.751037,0.13031230665517393,1.781651235432946e-07,0.1831304281949997
1045,4907764716.635129,0.13031174403488757,2.538434387133748e-07,0.18434958159923553
1046,4907958040.088184,0.13031219231259736,1.9435482556673378e-07,0.18170802295207977
1047,4908135759.713371,0.1303123200240301,2.2664806920147385e-07,0.17712028324604034
1048,4908301563.475135,0.13031257426057463,2.0838309922055487e-07,0.1721445918083191
1049,4908473513.858925,0.13031264021021247,2.240125525077019e-07,0.1593634933233261
1050,4908645320.292897,0.13031227225845746,2.061169794842499e-07,0.16586638987064362
1051,4908813545.550601,0.1303126781827771,3.097287901709933e-07,0.14499825239181519
1052,4908987073.240165,0.13031314267072183,2.106264531676061e-07,0.16858814656734467
1053,4909156852.723807,0.1303131261232255,1.9190470368357637e-07,0.1888536959886551
1054,4909329431.80805,0.13031296079788005,2.2405177446671587e-07,0.1603066772222519
1055,4909504348.019043,0.1303128396442839,2.1890295442972274e-07,0.17090606689453125
1056,4909680135.894503,0.13031342272722823,2.4418699240413844e-07,0.1425965130329132
1057,4909852680.963523,0.1303132655174859,1.8783239852382394e-07,0.14572423696517944
1058,4910022856.527108,0.13031344261616104,2.013851201354555e-07,0.1354876309633255
1059,4910197642.184383,0.1303136388637971,1.6134842439896602e-07,0.14945974946022034
1060,4910366690.573775,0.13031369984215754,1.5320604518365144e-07,0.1559291034936905
1061,4910565230.129058,0.13031314439170957,2.913102150614577e-07,0.15575528144836426
1062,4910714667.944523,0.13031378212575925,1.809571728017545e-07,0.1520290970802307
1063,4910887769.914596,0.1303137070759439,1.7348938285977056e-07,0.1674816757440567
1064,4911060131.580516,0.13031387163317334,1.6473175890041603e-07,0.16601349413394928
1065,4911236939.550976,0.13031422096392362,1.4617531007843354e-07,0.15757910907268524
1066,4911406292.66374,0.13031414445559955,1.6150234216638637e-07,0.15687920153141022
1067,4911581780.050733,0.13031400110667565,1.6917618950174074e-07,0.16671766340732574
1068,4911753535.283388,0.13031406539363585,2.3230887791214627e-07,0.13591378927230835
1069,4911929872.459267,0.13031459002261117,1.9489013425300072e-07,0.16285951435565948
1070,4912104776.952823,0.13031423193931346,1.9020482966425334e-07,0.17182064056396484
1071,4912275849.871769,0.1303147731544142,1.7527186457755306e-07,0.17225104570388794
1072,4912450171.676269,0.1303146658364004,1.620024789872332e-07,0.17940202355384827
1073,4912613381.782231,0.13031466961560334,1.88956747138036e-07,0.18120001256465912
1074,4912788814.3390465,0.130314644153117,1.8652286826181808e-07,0.16458472609519958
1075,4912966865.663476,0.13031522061667794,2.567574313161458e-07,0.15388689935207367
1076,4913139888.186016,0.13031516533564988,1.767182169487569e-07,0.17081736028194427
1077,4913307830.532729,0.13031500933622825,1.704020604620382e-07,0.1640058308839798
1078,4913478761.644583,0.13031529806621678,1.968664662399533e-07,0.14394758641719818
1079,4913649411.32409,0.1303153080281705,1.524568631339207e-07,0.17766320705413818
1080,4913826310.659787,0.13031537379773359,1.7993158962781308e-07,0.14975959062576294
1081,4913997009.843449,0.13031542759667752,1.8009770030857908e-07,0.14107182621955872
1082,4914174054.489642,0.1303154537890806,1.8344321972563193e-07,0.14405617117881775
1083,4914340631.604511,0.1303153262341821,1.9374100190816534e-07,0.1479525864124298
1084,4914514934.031544,0.13031564385625924,2.0162801206424774e-07,0.14207760989665985
1085,4914691705.55956,0.13031565600179926,1.8023342818196397e-07,0.13804763555526733
1086,4914864500.282571,0.13031565939383458,1.2599998910900467e-07,0.19387789070606232
1087,4915036390.132598,0.13031590525825457,1.8287413183770695e-07,0.13756518065929413
1088,4915191997.990015,0.1303159585685645,3.340100533932855e-07,0.1334572583436966
1089,4915384270.390097,0.13031632300160967,2.5786718538256537e-07,0.13819700479507446
1090,4915561484.365308,0.1303162590001943,1.774157709633073e-07,0.14947263896465302
1091,4915730793.899795,0.13031628555852043,1.5784128493123717e-07,0.1587873250246048
1092,4915901865.803698,0.13031637086933726,1.5129174357753072e-07,0.16215914487838745
1093,4916077051.760408,0.13031635938440936,1.4927144320608932e-07,0.1660749763250351
1094,4916247808.634595,0.13031648648015762,1.8495278197860898e-07,0.15411296486854553
1095,4916419124.3900585,0.1303165009448585,1.8062692674902792e-07,0.15830999612808228
1096,4916591430.73254,0.13031679325655657,2.397588900748815e-07,0.15068504214286804
1097,4916767404.451623,0.13031656982059223,1.6793964618955215e-07,0.1814911663532257
1098,4916935062.387712,0.13031719542919393,1.6792817802979698e-07,0.17518764734268188
1099,4917108936.017364,0.1303173409047896,1.916496188414385e-07,0.1519523411989212
1100,4917285003.943281,0.13031715799733234,1.9926369532186072e-07,0.1631241738796234
1101,4917454736.665318,0.13031718825307492,1.9073216606102505e-07,0.16780786216259003
1102,4917623386.624526,0.1303172264023361,1.6281890680147626e-07,0.1767989546060562
1103,4917801655.86474,0.13031749779601987,1.8690657554998324e-07,0.16445069015026093
1104,4917973435.1197,0.13031696042944468,1.8344893248922745e-07,0.1489071249961853
1105,4918143130.359111,0.13031751673903838,1.542164369539023e-07,0.16902939975261688
1106,4918316583.983139,0.13031773858183385,1.838302949863646e-07,0.16590909659862518
1107,4918502082.527286,0.13031810925618903,1.905422664094658e-07,0.15837356448173523
1108,4918666188.845181,0.1303175968779603,1.682910948375138e-07,0.15390095114707947
1109,4918834577.229169,0.13031788439666142,1.582499180585728e-07,0.17650696635246277
1110,4919011836.597625,0.1303181390410518,1.7388740047863394e-07,0.15703029930591583
1111,4919185595.814718,0.13031809243297593,1.448357949129786e-07,0.17869429290294647
1112,4919360117.371069,0.13031825460049343,1.4320934837996901e-07,0.17369712889194489
1113,4919528992.538372,0.13031851161706906,1.339781761089398e-07,0.17799922823905945
1114,4919704356.291517,0.13031817937972767,1.5096344441190013e-07,0.16778390109539032
1115,4919881310.494076,0.13031852576928826,1.5879726333878352e-07,0.16239337623119354
1116,4920095028.968802,0.13031875976512677,4.4164949031255674e-07,0.19289448857307434
1117,4920227146.068221,0.1303185627484999,1.802709448384121e-07,0.15441027283668518
1118,4920397226.936198,0.13031876145325438,1.6861915241861425e-07,0.1741945445537567
1119,4920569284.209623,0.13031909703499128,2.195359627421567e-07,0.1571275144815445
1120,4920738085.6710825,0.13031908584399896,1.9726473965420155e-07,0.1700349748134613
1121,4920907374.922686,0.1303188916994962,1.7940514851488842e-07,0.1859285533428192
1122,4921079819.003657,0.13031884680701383,2.5692750682537735e-07,0.1563572734594345
1123,4921253063.156047,0.13031887595407096,2.8133658247497806e-07,0.16237440705299377
1124,4921433532.0174265,0.13031927448228564,2.1211081957517308e-07,0.178521066904068
1125,4921601404.572071,0.13031903957892751,2.6106539507964044e-07,0.13114187121391296
1126,4921777131.165676,0.1303198679067647,2.2534480592639738e-07,0.16347365081310272
1127,4921941811.174439,0.13031975150286848,1.8098670295785269e-07,0.1754085123538971
1128,4922121753.611479,0.13031914139076184,1.8226717202196596e-07,0.1863311231136322
1129,4922291839.545988,0.13032022493643022,2.181489122676794e-07,0.15211229026317596
1130,4922463544.598331,0.13031970687135208,2.1784137516078772e-07,0.1625356525182724
1131,4922639730.898286,0.13031951011593595,1.9158751740633306e-07,0.15985503792762756
1132,4922810273.650511,0.1303198645635613,1.5396481956031494e-07,0.178543820977211
1133,4922985926.241085,0.13031980408298385,1.5897116156793345e-07,0.16608572006225586
1134,4923158484.20144,0.13031977718420654,1.7690315701202053e-07,0.15880928933620453
1135,4923330800.6693,0.13031998929875555,1.4168506368150702e-07,0.18163493275642395
1136,4923508589.340133,0.1303203066776975,1.499869171084356e-07,0.1751442402601242
1137,4923679250.023423,0.1303200396877367,1.4354255029047636e-07,0.1658206284046173
1138,4923858739.413379,0.13032032307597605,1.4033497564014397e-07,0.185500830411911
1139,4924028421.806264,0.1303205182031268,1.3762738149125653e-07,0.18587535619735718
1140,4924195758.062841,0.13032076874095086,1.784411551852827e-07,0.1569751501083374
1141,4924363494.023234,0.13032056158448202,1.6917239520353178e-07,0.1718703806400299
1142,4924541096.653249,0.13032067826955038,1.5059495694913494e-07,0.19215074181556702
1143,4924714080.2727995,0.13032079975666144,1.7355708337163378e-07,0.17282024025917053
1144,4924887579.4683,0.13032091225603024,1.733386483238064e-07,0.17336660623550415
1145,4925058721.837074,0.1303213027446078,1.6803650737529097e-07,0.17371375858783722
1146,4925231834.305917,0.13032119722511887,1.7350797065773804e-07,0.16757184267044067
1147,4925397673.920928,0.13032127643099747,1.623224648028554e-07,0.17316582798957825
1148,4925574702.091321,0.13032151379727377,2.404843257863831e-07,0.16963380575180054
1149,4925749343.949661,0.13032171590007405,2.54141468758462e-07,0.14312204718589783
1150,4925924527.778668,0.13032134546372184,2.3121879166865256e-07,0.18390226364135742
1151,4926093933.65702,0.13032117501434443,2.0851140902777843e-07,0.18431617319583893
1152,4926262815.856913,0.13032193656795565,2.059215091776423e-07,0.16996407508850098
1153,4926439045.38821,0.13032134930911812,2.4076899762803805e-07,0.1516769677400589
1154,4926610437.630075,0.13032153503448515,1.8159327908051637e-07,0.18263928592205048
1155,4926786362.359974,0.13032171128935202,1.735340049435763e-07,0.17537491023540497
1156,4926963185.3775835,0.13032185620337308,2.582721947419486e-07,0.16705326735973358
1157,4927129245.887269,0.13032263216528045,2.7097186716673605e-07,0.15269909799098969
1158,4927307507.9888935,0.13032228965371506,1.8863050854633912e-07,0.17558926343917847
1159,4927480734.531478,0.13032274537251773,2.2252613973705593e-07,0.16053925454616547
1160,4927655754.852426,0.1303223358509671,1.862946135133825e-07,0.17108045518398285
1161,4927827384.287977,0.1303227553564514,1.884253890693799e-07,0.18479153513908386
1162,4927999504.242785,0.1303228453011578,2.3982073571460205e-07,0.17367134988307953
1163,4928170564.729151,0.1303226912191244,2.1898590318869537e-07,0.15470878779888153
1164,4928345850.349777,0.13032289602126265,1.773855728970375e-07,0.18689842522144318
1165,4928519465.635049,0.13032319899051795,1.5645167650291114e-07,0.18750779330730438
1166,4928690842.764928,0.1303229415978221,1.4595434549846686e-07,0.19129495322704315
1167,4928859004.41823,0.13032317988969364,1.382597361043736e-07,0.19169601798057556
1168,4929038036.412089,0.13032331982185688,1.5215152870950988e-07,0.18821509182453156
1169,4929206096.667005,0.13032340878160723,1.6168439742614282e-07,0.19293096661567688
1170,4929378554.906541,0.13032326512386838,1.5051186608161515e-07,0.18288417160511017
1171,4929552449.448123,0.13032324609593904,1.415358639178521e-07,0.18520060181617737
1172,4929721893.96106,0.13032340827958397,1.5334602210259618e-07,0.17523205280303955
1173,4929893189.165043,0.13032361541451026,1.739364563491108e-07,0.169890359044075
1174,4930064780.997672,0.13032339647478625,1.8473203056146303e-07,0.17682747542858124
1175,4930238643.043376,0.1303240587251063,2.2569429347640835e-07,0.1511378288269043
1176,4930414484.290886,0.13032394578578294,1.5865890645727632e-07,0.19613370299339294
1177,4930584339.032476,0.13032409089075214,1.543202046150327e-07,0.19492125511169434
1178,4930760644.04084,0.13032430013933163,1.8197989959389815e-07,0.18780773878097534
1179,4930933624.480512,0.13032405424368074,1.8190314676758135e-07,0.18907175958156586
1180,4931108919.095061,0.13032427957154538,1.7239572969174333e-07,0.19277529418468475
1181,4931282598.440235,0.1303245464927969,1.674023764053345e-07,0.18576277792453766
1182,4931454238.637613,0.13032477807914025,1.710642578700572e-07,0.17997832596302032
1183,4931629748.165389,0.1303246593716441,2.0595571470494178e-07,0.15969638526439667
1184,4931800061.885765,0.13032479434996314,2.0517343557457934e-07,0.17772839963436127
1185,4931971845.121151,0.13032499248423923,1.893871228730859e-07,0.19228193163871765
1186,4932150454.445874,0.13032480762845072,1.7918520711646124e-07,0.1765749305486679
1187,4932314950.524758,0.13032480634499657,2.0769657282926346e-07,0.1733836531639099
1188,4932492764.268029,0.13032541918516724,1.8926827749510267e-07,0.17482662200927734
1189,4932664432.471799,0.1303249146263315,1.9022883179786731e-07,0.2048027217388153
1190,4932836135.656264,0.13032577749857133,1.73221607724372e-07,0.21146026253700256
1191,4933008163.342849,0.13032485185584206,1.5998205071809934e-07,0.20444314181804657
1192,4933184385.724247,0.1303252704550321,1.3331001014194044e-07,0.20980507135391235
1193,4933364465.580801,0.13032553132546013,1.2467320686937455e-07,0.20280633866786957
1194,4933525910.657953,0.13032575895796294,1.2251024372744723e-07,0.19661955535411835
1195,4933693943.275612,0.13032550643249297,1.3339982274374051e-07,0.17936971783638
1196,4933871803.129675,0.13032581804527293,1.2383387115733058e-07,0.18652865290641785
1197,4934045322.870781,0.13032615039037643,1.2722351527827414e-07,0.1840599775314331
1198,4934215369.513938,0.13032627329713417,1.122088946203803e-07,0.20025333762168884
1199,4934387691.627021,0.13032654302378682,1.2139111049691564e-07,0.1956549733877182
1200,4934558390.02975,0.1303264388663254,1.2002394100818492e-07,0.20343026518821716
1201,4934734889.373012,0.13032644194288304,1.3181390556837869e-07,0.18724936246871948
1202,4934906412.325928,0.13032642474017972,1.4267746450968843e-07,0.19699054956436157
1203,4935082915.556429,0.13032655814239805,1.6220414522649662e-07,0.1952245682477951
1204,4935255098.576478,0.13032691421717513,1.468564505557879e-07,0.19293798506259918
1205,4935430571.37179,0.13032694006881987,2.204470206379483e-07,0.1663426160812378
1206,4935595688.387461,0.13032666859209235,2.830967673617124e-07,0.15035676956176758
1207,4935776671.456937,0.13032719861692,1.7988017475545348e-07,0.19488535821437836
1208,4935950933.0556345,0.1303266959624069,1.9149595686940302e-07,0.18230795860290527
1209,4936123143.961673,0.13032725480366572,1.9933244743697287e-07,0.18947060406208038
1210,4936291549.958057,0.130327161467696,1.8230770137961372e-07,0.19784541428089142
1211,4936468728.719412,0.13032783073637474,1.6966849614163948e-07,0.1874711960554123
1212,4936638838.486663,0.13032749405958846,1.6056118568030797e-07,0.21985051035881042
1213,4936812180.767984,0.13032740073714078,2.0637493491904024e-07,0.18812736868858337
1214,4936984922.164273,0.13032744818611633,1.6948450820564176e-07,0.2090791016817093
1215,4937155048.206681,0.13032766296217257,2.1019539531152986e-07,0.1687333881855011
1216,4937328308.453725,0.13032766774016707,1.7736093127496133e-07,0.1813357025384903
1217,4937497292.53221,0.1303277603281494,2.205798494969713e-07,0.16846278309822083
1218,4937675190.315685,0.1303283115314612,1.701546068488824e-07,0.17237603664398193
1219,4937843988.465761,0.13032839359511195,1.5875737346959795e-07,0.15979304909706116
1220,4938015601.372575,0.1303283810510115,1.3877057369882095e-07,0.19596894085407257
1221,4938186042.854671,0.13032820026580216,1.514280114633948e-07,0.17682507634162903
1222,4938361836.824138,0.1303287802357239,1.4793610603192064e-07,0.1807820051908493
1223,4938536325.141849,0.1303288030639134,1.6089580867628683e-07,0.17268963158130646
1224,4938710835.897458,0.13032864671296557,1.5690785915012384e-07,0.18528588116168976
1225,4938884171.558052,0.13032860098615381,1.7462004109347617e-07,0.1635478138923645
1226,4939052257.649468,0.1303287099194691,1.7068101954009762e-07,0.16639946401119232
1227,4939230807.446592,0.13032879125463215,1.7182553335715056e-07,0.16293251514434814
1228,4939403020.602449,0.13032869064926286,1.966511860018727e-07,0.1625894457101822
1229,4939573146.06814,0.13032928365619764,1.9425455377586331e-07,0.14857693016529083
1230,4939749745.195659,0.13032935119928019,1.6464653640468896e-07,0.19189399480819702
1231,4939923422.972158,0.13032883685952892,2.181644305210284e-07,0.161769837141037
1232,4940094198.074703,0.13032886683730663,2.138919228400482e-07,0.15841251611709595
1233,4940271125.865022,0.1303289376294605,1.8619481068071764e-07,0.1734801083803177
1234,4940441568.242691,0.13032964839556632,2.0421300916950713e-07,0.1635194569826126
1235,4940612002.142425,0.13032945910595464,1.9777382931351895e-07,0.18675272166728973
1236,4940785583.569322,0.13032976268692265,2.6710776523941604e-07,0.14410485327243805
1237,4940957391.7974415,0.13032950509680558,2.2860861292883783e-07,0.16021393239498138
1238,4941129181.504335,0.130329669569918,2.0253628463251516e-07,0.17200587689876556
1239,4941297175.114847,0.13032951731199285,2.2623805762123084e-07,0.16398072242736816
1240,4941467601.312948,0.13032981079408373,2.3564425077893247e-07,0.16366516053676605
1241,4941649858.888131,0.13032977041081933,2.4417144572908e-07,0.1783837229013443
1242,4941830649.100174,0.13033032146735482,1.8884206554048433e-07,0.18483178317546844
1243,4941981393.582849,0.13033011757123147,2.015906801489109e-07,0.16919676959514618
1244,4942162138.533037,0.1303301284162686,1.8452995220741286e-07,0.16355866193771362
1245,4942336352.520321,0.1303300862800027,1.5721180091077258e-07,0.17403100430965424
1246,4942511969.671833,0.13033053799648903,1.701293683709082e-07,0.17398317158222198
1247,4942680009.407132,0.13033043672504915,1.712266310960331e-07,0.15851722657680511
1248,4942857327.183459,0.13033074782837764,1.8345332364333444e-07,0.15520919859409332
1249,4943031908.597706,0.13033063741572495,1.487307343950306e-07,0.1767963320016861
1250,4943209700.790724,0.13033058087575577,1.8122860012681485e-07,0.15306197106838226
1251,4943379784.592633,0.13033107663856144,1.536431284421269e-07,0.15713520348072052
1252,4943549433.308974,0.13033126004901344,1.349911258330394e-07,0.17620238661766052
1253,4943725055.094408,0.13033121156151453,1.7737841062626103e-07,0.1494208127260208
1254,4943901664.818421,0.1303311897063802,2.1505215386241616e-07,0.16331523656845093
1255,4944074658.260331,0.13033158560216557,1.6164348437541776e-07,0.20791606605052948
1256,4944246656.040264,0.13033152599067285,2.0587863502896653e-07,0.17220984399318695
1257,4944419049.374197,0.13033144959722875,1.9688005181706103e-07,0.18315456807613373
1258,4944588433.057591,0.13033152672131726,1.7614698322176991e-07,0.18495234847068787
1259,4944760751.8893175,0.13033165703144417,1.9869945333539363e-07,0.16800732910633087
1260,4944930383.848641,0.13033134329059484,2.0366653075143404e-07,0.17001578211784363
1261,4945105380.640325,0.1303316720271682,2.0440729997517337e-07,0.1747712939977646
1262,4945276066.869494,0.1303317846037042,1.8487581598947145e-07,0.17771930992603302
1263,4945445871.723177,0.1303320833295446,1.7439303690025554e-07,0.17043045163154602
1264,4945617380.164894,0.13033208519799733,1.798669302388589e-07,0.1910521239042282
1265,4945790316.191929,0.13033227243818596,2.191513033267256e-07,0.15821002423763275
1266,4945962662.915297,0.13033229007901517,1.708082351115081e-07,0.17618709802627563
1267,4946139145.856537,0.13033258381760215,1.595836067735945e-07,0.19902198016643524
1268,4946312832.814611,0.1303323741630968,1.6168198158084124e-07,0.18090075254440308
1269,4946480390.0811615,0.1303323730882255,1.4680460935778683e-07,0.20626263320446014
1270,4946661163.975555,0.13033222130341615,2.1962867435831868e-07,0.14616218209266663
1271,4946835043.696202,0.13033259378094236,1.6058358198733913e-07,0.17976364493370056
1272,4947003653.860355,0.13033312961670804,1.588286409059947e-07,0.1636231690645218
1273,4947177244.327054,0.13033279500150993,1.4196450592862675e-07,0.18245162069797516
1274,4947345475.303391,0.13033293110766267,1.4987750773798325e-07,0.18428915739059448
1275,4947528460.75252,0.13033307874645028,1.7617460912333627e-07,0.15552209317684174
1276,4947702330.046433,0.13033313613476996,1.5490353177938232e-07,0.17131973803043365
1277,4947875577.303787,0.1303330466194598,1.436479379890443e-07,0.17470750212669373
1278,4948045520.575784,0.13033310372646184,1.489335090809618e-07,0.16517335176467896
1279,4948211750.504876,0.13033327084263086,2.0565535407968127e-07,0.15239587426185608
1280,4948387188.103192,0.13033324307675806,2.0744826656482473e-07,0.15838684141635895
1281,4948562771.882258,0.13033385682120652,2.1119954851656075e-07,0.15512710809707642
1282,4948733689.072133,0.13033356276865116,1.7615788294733647e-07,0.16364851593971252
1283,4948904499.961288,0.13033374577970527,1.6601349273059895e-07,0.17617183923721313
1284,4949075937.645341,0.13033412537393493,2.181814409141225e-07,0.16457591950893402
1285,4949252338.171359,0.13033334174226555,2.422936802304321e-07,0.1559910923242569
1286,4949421964.532387,0.13033389578695262,1.9928904748667264e-07,0.17077085375785828
1287,4949595671.979691,0.13033416018872274,1.8094536358148616e-07,0.18004284799098969
1288,4949768261.365636,0.13033426429228506,2.1843030140189512e-07,0.15651503205299377
1289,4949937889.715615,0.13033426139559232,2.2208034522464004e-07,0.14644558727741241
1290,4950108544.432961,0.13033420593566433,2.440947923787462e-07,0.15004386007785797
1291,4950288163.183428,0.13033462934606424,1.6481105546972685e-07,0.18725304305553436
1292,4950453699.611488,0.1303346823236474,2.1306426845058013e-07,0.16622605919837952
1293,4950632635.994278,0.13033512275328424,2.0431615155303007e-07,0.16751044988632202
1294,4950806607.911222,0.13033481249671475,1.522589627711568e-07,0.1959065943956375
1295,4950980326.26548,0.1303347758178829,2.0887571849925735e-07,0.164231076836586
1296,4951153232.58178,0.1303352882065909,1.848627704248429e-07,0.1656266301870346
1297,4951328138.286581,0.13033484269469245,1.5241398898524494e-07,0.18288803100585938
1298,4951502061.222106,0.130335413900227,1.5590332225201564e-07,0.1658758819103241
1299,4951673130.163826,0.13033494100927878,1.2765849533025175e-07,0.19044743478298187
1300,4951844681.006802,0.13033494362926487,1.647298546458842e-07,0.16695745289325714
1301,4952018444.026308,0.13033557297396026,1.457030975871021e-07,0.1842503547668457
1302,4952191786.786878,0.1303358106897824,1.5033063505143218e-07,0.17554379999637604
1303,4952364389.6156435,0.1303355408189158,1.2203135213439964e-07,0.1940688043832779
1304,4952535555.447792,0.13033539903395405,1.5349873194736574e-07,0.1808183193206787
1305,4952707819.573957,0.13033551903140167,1.8054181794013857e-07,0.1629648059606552
1306,4952876910.797119,0.13033555956638515,1.983518700399145e-07,0.1579616516828537
1307,4953053935.337716,0.13033590696892985,1.828493196853742e-07,0.17268650233745575
1308,4953223897.818473,0.13033548687146415,1.8065041729187215e-07,0.17805157601833344
1309,4953395692.299152,0.1303361392431572,2.0467658146117174e-07,0.1764180213212967
1310,4953565425.204908,0.13033600044870505,1.9578475018988684e-07,0.1731971800327301
1311,4953735834.1510515,0.13033604843988428,1.8994767003732704e-07,0.17760534584522247
1312,4953914236.8873825,0.1303364759462323,2.1134388816790306e-07,0.1568012833595276
1313,4954084893.148266,0.13033661051994871,2.2171865055042872e-07,0.15571177005767822
1314,4954255179.21525,0.1303360843928029,2.3019424588710535e-07,0.1498481035232544
1315,4954430431.463655,0.13033634171386163,2.431794996482495e-07,0.1395365595817566
1316,4954605771.919917,0.13033675358617286,2.0032369718592236e-07,0.16624321043491364
1317,4954780780.880031,0.13033712459781277,1.6236845112871379e-07,0.18345926702022552
1318,4954953745.89307,0.1303363358661922,1.6947133474332077e-07,0.18410709500312805
1319,4955125325.409311,0.13033715761984715,1.7616372360862442e-07,0.1654302328824997
1320,4955301239.784465,0.13033642913425952,2.8286768838370335e-07,0.12612901628017426
1321,4955475019.569643,0.1303368486557135,2.1660309812432388e-07,0.15442229807376862
1322,4955649809.294895,0.13033686857161583,1.9131175577058457e-07,0.16753247380256653
1323,4955822846.48942,0.13033707016659574,1.6308412398302607e-07,0.17006543278694153
1324,4955996100.344699,0.1303370779869087,1.7073200808681577e-07,0.16433632373809814
1325,4956164180.945311,0.1303370693657312,1.5970758227012993e-07,0.16908393800258636
1326,4956338464.146475,0.1303372919075108,1.7696112308840384e-07,0.1586644947528839
1327,4956508293.554885,0.1303369543559608,1.6878323094715597e-07,0.1773766577243805
1328,4956683882.093594,0.130337506775144,1.6467005536924262e-07,0.15839160978794098
1329,4956859195.917233,0.1303372516411457,2.08597953132994e-07,0.14118750393390656
1330,4957028492.077849,0.13033781906434455,1.8567767767763144e-07,0.153229221701622
1331,4957197676.177511,0.13033739616995593,1.6766415456004324e-07,0.15690559148788452
1332,4957362386.819671,0.13033761668954796,2.372982095266707e-07,0.1517808437347412
1333,4957542236.835229,0.13033801452433832,2.147124007478851e-07,0.1529761105775833
1334,4957718600.809819,0.1303379514803213,2.2896070106526167e-07,0.15282383561134338
1335,4957885293.938629,0.13033834902164967,2.3274118632343743e-07,0.15621256828308105
1336,4958059098.765827,0.13033755583571582,2.2896497853253095e-07,0.17107415199279785
1337,4958228712.566743,0.13033825627858348,2.5213796561729396e-07,0.14601387083530426
1338,4958407515.352295,0.13033816342046672,2.6860035973186314e-07,0.14332082867622375
1339,4958580644.18115,0.13033881220326277,2.383188331123165e-07,0.14301809668540955
1340,4958750753.762165,0.1303382437187135,1.9474221346627019e-07,0.16522559523582458
1341,4958932010.352436,0.13033870583210327,1.8981364746650797e-07,0.16834257543087006
1342,4959100907.134185,0.13033888535877536,2.463294492827117e-07,0.15396882593631744
1343,4959278875.663354,0.13033865258871613,2.750523435679497e-07,0.15551850199699402
1344,4959451829.75984,0.13033859167864192,2.0887442531147826e-07,0.16638660430908203
1345,4959619858.169356,0.1303385964079392,2.198636082084704e-07,0.14752747118473053
1346,4959797188.47219,0.13033896382439525,1.9009078755516384e-07,0.16155873239040375
1347,4959966648.6511755,0.13033879374299331,2.1385849890975805e-07,0.16976864635944366
1348,4960142944.080174,0.13033919429845683,2.079649874531242e-07,0.151847705245018
1349,4960315322.537474,0.1303390084837481,2.068458400117379e-07,0.15287955105304718
1350,4960488760.474273,0.1303391375147875,1.7251036865673086e-07,0.16822905838489532
1351,4960659025.942789,0.130339194760723,1.932911288804462e-07,0.15021465718746185
1352,4960827845.231777,0.13033891086919935,1.9435272236023593e-07,0.1454889327287674
1353,4960999627.768295,0.13033946874645153,1.6609368458375684e-07,0.14933380484580994
1354,4961170607.418247,0.13033972538303037,1.7856424960882578e-07,0.15874360501766205
1355,4961346384.118808,0.1303396623808807,1.5606326542183524e-07,0.16486836969852448
1356,4961520809.951716,0.13033923132981445,1.8536992740791902e-07,0.16323816776275635
1357,4961689757.343527,0.13033934074083478,1.72377482954289e-07,0.14879906177520752
1358,4961861817.629071,0.13033927114963847,1.831306803978805e-07,0.16171647608280182
1359,4962032754.206073,0.13033984237126484,1.9259113059888477e-07,0.15235444903373718
1360,4962206927.334424,0.1303397862812262,2.1310765419002564e-07,0.15996655821800232
1361,4962380053.664925,0.13034031463975174,2.3143734040331765e-07,0.15945613384246826
1362,4962554342.450044,0.1303399874898572,2.331750010853284e-07,0.16486071050167084
1363,4962727507.018872,0.13034008349746154,2.2014410205883905e-07,0.14968125522136688
1364,4962900716.585891,0.13034026318249478,2.4190373437704693e-07,0.15390633046627045
1365,4963075932.471579,0.13034040429165428,1.636555992945432e-07,0.18860025703907013
1366,4963247601.252601,0.13034019142414036,1.8676774971027044e-07,0.15515825152397156
1367,4963424309.840964,0.13034023240629516,2.2800118415489123e-07,0.15511564910411835
1368,4963597385.613025,0.1303400404452895,2.396461411535711e-07,0.14991997182369232
1369,4963770268.563479,0.1303407666958223,2.0742919559779693e-07,0.15445438027381897
1370,4963938966.828967,0.13034077300442184,2.457827577018179e-07,0.13802707195281982
1371,4964115850.454531,0.13034094619405345,2.439138029330934e-07,0.13893276453018188
1372,4964292469.109907,0.1303405757469673,2.0152306490217597e-07,0.16674074530601501
1373,4964460038.327992,0.1303406587258359,3.090383415838005e-07,0.12259099632501602
1374,4964632029.61332,0.1303406515503017,2.3863165665716224e-07,0.14767326414585114
1375,4964804668.351841,0.13034079411975968,1.9495445258144173e-07,0.16596877574920654
1376,4964979687.629577,0.13034076763413555,2.0487280494307925e-07,0.157405823469162
1377,4965152585.029185,0.13034124607637343,1.6391803114856884e-07,0.16876687109470367
1378,4965318373.110894,0.13034137677632518,1.9208255253033713e-07,0.14855407178401947
1379,4965489160.189921,0.130341275902165,1.78937924033562e-07,0.15506312251091003
1380,4965663914.174483,0.13034146676502018,1.5633621330835012e-07,0.16909413039684296
1381,4965837291.408732,0.1303414703007863,1.5673542463900958e-07,0.15751315653324127
1382,4966010383.748858,0.13034139755371693,1.616134284176951e-07,0.15602414309978485
1383,4966183751.220051,0.13034158398485346,1.7415979414181493e-07,0.14881184697151184
1384,4966357904.794391,0.13034153224167938,1.743594424397088e-07,0.1446378082036972
1385,4966527360.765692,0.13034162041144623,2.1451745624290197e-07,0.125944122672081
1386,4966700433.682736,0.13034165578320994,2.105181096112574e-07,0.1462094783782959
1387,4966875821.185226,0.13034189477738464,2.166993908758741e-07,0.15200015902519226
1388,4967049422.291223,0.1303416304723386,2.1959473883725877e-07,0.1374398022890091
1389,4967222873.420609,0.13034224861954527,2.0961468294444785e-07,0.14604775607585907
1390,4967398454.143478,0.130341448882595,2.6019324650405906e-07,0.13732168078422546
1391,4967570419.884447,0.13034178824415485,2.089393262849626e-07,0.14115962386131287
1392,4967745893.395115,0.13034215998842005,2.0027565028613026e-07,0.1710687279701233
1393,4967920735.821792,0.13034218871604145,2.3870327936492686e-07,0.15318605303764343
1394,4968090083.874911,0.13034239685696825,1.9474273926789465e-07,0.17968615889549255
1395,4968262551.771688,0.13034223532876324,2.55353143074899e-07,0.1433274745941162
1396,4968435125.728341,0.13034205174677788,2.567827550592483e-07,0.13584139943122864
1397,4968598988.097528,0.1303428800665921,3.7702901067859784e-07,0.12269908934831619
1398,4968777657.032792,0.13034339692332125,2.772364950942574e-07,0.15471048653125763
1399,4968950976.35748,0.1303428375971227,2.1823839801982103e-07,0.1706855595111847
1400,4969122650.316032,0.13034290687168165,2.1731779042966082e-07,0.1585284322500229
1401,4969295814.83689,0.1303427845494664,2.0853336479831341e-07,0.17314736545085907
1402,4969457887.05499,0.130343867463809,2.7775675448538095e-07,0.15748128294944763
1403,4969658992.458927,0.13034312552480423,3.059462017063197e-07,0.142972931265831
1404,4969813423.162262,0.1303430343647237,1.4773092971154256e-07,0.17252199351787567
1405,4969982590.272952,0.13034306230950282,1.466094943225471e-07,0.1782507300376892
1406,4970155841.466822,0.13034345108148912,1.6149155612765753e-07,0.16316841542720795
1407,4970329673.211693,0.13034327694629128,1.821087494136009e-07,0.14226773381233215
1408,4970501168.673149,0.13034337808567473,1.8221848563371168e-07,0.14539232850074768
1409,4970678163.24278,0.1303431410312622,1.9128334827200888e-07,0.1483532041311264
1410,4970853433.963612,0.13034294139974417,2.3663038462018449e-07,0.13439027965068817
1411,4971025291.759204,0.13034376872550013,1.4849007357042865e-07,0.162261500954628
1412,4971195766.189336,0.13034373780643888,1.7779227334813186e-07,0.14579445123672485
1413,4971369422.514788,0.13034396422611502,2.0672247558195522e-07,0.14783871173858643
1414,4971544401.298491,0.13034385288036618,2.025185494858306e-07,0.15835560858249664
1415,4971715418.438993,0.13034368946326183,1.9766268621879135e-07,0.15749980509281158
1416,4971892389.714336,0.130344011490876,2.584035314612265e-07,0.14176128804683685
1417,4972066006.754633,0.13034365814433593,2.465895079239999e-07,0.15032686293125153
1418,4972238494.445359,0.13034352403117885,1.74705775179973e-07,0.1855987012386322
1419,4972413585.870143,0.13034421508819105,1.7770231863778463e-07,0.18108519911766052
1420,4972580771.368069,0.1303441725123814,2.4494931949448073e-07,0.1611650288105011
1421,4972756376.64553,0.13034384113772632,2.475915152899688e-07,0.13944129645824432
1422,4972926824.963151,0.13034428644539997,2.1277084272242064e-07,0.1422632485628128
1423,4973097012.494101,0.13034408572184697,2.0227477648404601e-07,0.151432603597641
1424,4973269169.9766245,0.13034389476984223,2.2340600480674766e-07,0.1432105004787445
1425,4973441121.594116,0.1303447049987138,2.0334671546606842e-07,0.15428878366947174
1426,4973612733.5721855,0.13034422538665774,1.741891253459471e-07,0.1652941256761551
1427,4973787709.406309,0.13034436958826023,2.1912659065037587e-07,0.1470973789691925
1428,4973958475.383652,0.13034484844103786,2.285040636706981e-07,0.1373094916343689
1429,4974134224.661478,0.13034475157285186,2.2785198439123633e-07,0.1382281631231308
1430,4974308274.11211,0.13034490565933815,1.9463189460111607e-07,0.14366933703422546
1431,4974476595.346852,0.13034458662836995,2.0152772606252256e-07,0.13853035867214203
1432,4974649499.914239,0.13034502109475538,1.8103864363183675e-07,0.14707277715206146
1433,4974826513.318223,0.13034512463332715,1.591743341577967e-07,0.16693291068077087
1434,4974999744.280497,0.13034475134821685,1.490224974531884e-07,0.16481885313987732
1435,4975172618.946092,0.13034499805716435,1.666009552536707e-07,0.1453029215335846
1436,4975347393.80915,0.13034533859932845,1.7386233253091632e-07,0.1582248955965042
1437,4975517426.194788,0.13034559185325115,2.1159702612294495e-07,0.135348841547966
1438,4975681022.874062,0.1303454477680071,1.8344761087973893e-07,0.14924244582653046
1439,4975862956.7325945,0.1303455810860084,1.7534550522668724e-07,0.14982156455516815
1440,4976032936.713402,0.13034572664997068,2.519595625471993e-07,0.1379825323820114
1441,4976210995.145258,0.1303460102428453,2.5453562102484284e-07,0.15024782717227936
1442,4976382418.24255,0.1303457714527649,2.1796732596612856e-07,0.16537204384803772
1443,4976558514.656691,0.13034575412102684,2.1848967435289524e-07,0.1486380696296692
1444,4976727672.306657,0.13034582236704237,1.641404736574259e-07,0.18876264989376068
1445,4976901398.29763,0.1303457028910084,1.7219328185547056e-07,0.16977812349796295
1446,4977073071.435409,0.13034609239877282,1.6459698315429705e-07,0.1563926637172699
1447,4977243467.189435,0.1303465460578598,1.6825174498080742e-07,0.16031259298324585
1448,4977410552.974104,0.13034586821917132,1.8744860597053048e-07,0.17544452846050262
1449,4977588761.105222,0.13034646478219725,1.987832831673586e-07,0.16452158987522125
1450,4977761767.824374,0.13034624896960004,2.3386671443859086e-07,0.1430462747812271
1451,4977934002.876042,0.1303465664892628,1.9667066908368724e-07,0.16014675796031952
1452,4978106914.634249,0.13034615223132628,2.053754144526465e-07,0.15839585661888123
1453,4978279078.297021,0.13034634257280514,1.8359062892159272e-07,0.16262516379356384
1454,4978448935.841168,0.1303469875106603,2.123564968314895e-07,0.15416394174098969
1455,4978623993.182718,0.13034646235480624,1.6363686938802857e-07,0.1799231916666031
1456,4978804464.39896,0.1303467158248378,1.9374256510218402e-07,0.1695154309272766
1457,4978973452.511957,0.1303467759141739,1.7079723590995854e-07,0.1599380522966385
1458,4979143228.178835,0.13034705411561345,1.6484389675497368e-07,0.14936909079551697
1459,4979319915.673327,0.13034647783128922,1.7276899200169282e-07,0.1604936271905899
1460,4979493960.305721,0.1303472445257827,1.5543014342256356e-07,0.17787319421768188
1461,4979666997.113105,0.13034736200036579,1.6845147854382958e-07,0.17210257053375244
1462,4979840017.110335,0.13034707096940878,1.371356432855464e-07,0.1905549019575119
1463,4980013458.184849,0.13034735606316458,1.4148139371172874e-07,0.18309275805950165
1464,4980180085.644944,0.13034749024143646,1.633770239095611e-07,0.1820053905248642
1465,4980354481.105559,0.1303472221719826,2.1793709947814932e-07,0.1575513780117035
1466,4980528753.255011,0.13034762893589574,1.884163367549263e-07,0.16775831580162048
1467,4980701490.668731,0.13034753223788417,1.5617378323895537e-07,0.18179158866405487
1468,4980873926.771673,0.13034725270228595,2.0899454966638586e-07,0.16710862517356873
1469,4981044868.7990885,0.13034755501914028,1.7104608218687645e-07,0.19229131937026978
1470,4981216700.024442,0.13034765437345172,1.9127338646285352e-07,0.17798377573490143
1471,4981389125.512206,0.13034805120793497,1.9805419526619517e-07,0.16747653484344482
1472,4981561671.569008,0.13034822849612246,1.8553838287971303e-07,0.1794799417257309
1473,4981730317.217792,0.130347651861734,2.155174314566466e-07,0.16459877789020538
1474,4981906007.063281,0.13034867141144335,1.9341361223723652e-07,0.18120016157627106
1475,4982076900.477036,0.13034779040228894,2.2943642363770778e-07,0.14912548661231995
1476,4982247890.465906,0.13034853787173975,2.0968224134776392e-07,0.179330974817276
1477,4982425388.655395,0.1303485862803779,1.9374981263808877e-07,0.17480076849460602
1478,4982601008.6879015,0.13034918645883367,2.0068350181645656e-07,0.1778031587600708
1479,4982774736.344793,0.13034866104818693,1.8516077204822068e-07,0.17957694828510284
1480,4982945663.464182,0.13034854593553122,2.3579531216455507e-07,0.15483686327934265
1481,4983128495.899419,0.1303488642821039,2.292089078537174e-07,0.1868453174829483
1482,4983296656.940923,0.1303492159766564,2.0572349512804067e-07,0.16325022280216217
1483,4983471246.797283,0.1303488154535892,1.5323421109769697e-07,0.1862192153930664
1484,4983640862.0114975,0.13034891001557725,1.5216055260225403e-07,0.19305981695652008
1485,4983813719.011506,0.13034881247722116,1.9388768635053566e-07,0.16120940446853638
1486,4983986939.806589,0.1303491382947237,1.8818769831341342e-07,0.15059620141983032
1487,4984158740.728363,0.13034932817785613,1.610680584462898e-07,0.16630919277668
1488,4984329762.927478,0.130349281476301,1.607341459930467e-07,0.1795329451560974
1489,4984504767.190475,0.13034929878693155,1.5661277075196267e-07,0.17900027334690094
1490,4984674375.924588,0.13034945738368872,1.6051052398324828e-07,0.17351186275482178
1491,4984841514.244551,0.13034947320334836,1.7001659102788835e-07,0.16418825089931488
1492,4985020734.687467,0.13034971309315999,1.4667459424799745e-07,0.19360773265361786
1493,4985191328.101411,0.13034952345468429,1.8399637724542117e-07,0.16430819034576416
1494,4985364801.179526,0.13034987025972558,1.9979528076419228e-07,0.15716828405857086
1495,4985533985.013862,0.13034973380668477,2.1168004593619116e-07,0.15539370477199554
1496,4985707424.422385,0.13034980611049052,1.9037896947793342e-07,0.17041939496994019
1497,4985881317.43037,0.13034993466855493,1.7847109745616763e-07,0.17246435582637787
1498,4986053043.586595,0.13035039526496633,1.735984085371456e-07,0.18289844691753387
1499,4986223017.073281,0.1303502137462616,2.226007040917466e-07,0.16176465153694153
1500,4986397639.736394,0.13035025227234573,1.7576768129856646e-07,0.16716375946998596
1501,4986575730.263349,0.1303507186448242,1.808804341862924e-07,0.168371319770813
1502,4986746886.921778,0.13035023916424424,2.268954659712108e-07,0.16185317933559418
1503,4986921816.779899,0.13035046886841048,1.9786200766702677e-07,0.1721433699131012
1504,4987119695.161625,0.1303508414883131,3.8182147932275257e-07,0.1713799089193344
1505,4987268566.265927,0.13035065637990903,1.7795733242564893e-07,0.19259510934352875
1506,4987442989.622592,0.13035059177832337,1.8939196877454378e-07,0.16383551061153412
1507,4987615096.0836315,0.1303505328717571,1.8452682581937552e-07,0.16883087158203125
1508,4987788950.322598,0.13035096257133008,1.6298848493079277e-07,0.17017783224582672
1509,4987962440.243473,0.13035127142580263,1.8296300652309583e-07,0.15424074232578278
1510,4988135385.274673,0.13035106153787543,1.6323811280472e-07,0.15530286729335785
1511,4988307310.543964,0.13035140321641348,1.4241845747164916e-07,0.16957987844944
1512,4988476440.487307,0.13035122020408277,2.2359834872531792e-07,0.14939720928668976
1513,4988648597.731949,0.1303512341989159,1.868234278390446e-07,0.14907532930374146
1514,4988819655.94978,0.13035143873852406,1.7645439243096916e-07,0.16728681325912476
1515,4988992484.437398,0.13035163767959373,1.9616356894402998e-07,0.15046170353889465
1516,4989166255.725157,0.13035170428337803,1.773156697026934e-07,0.16184784471988678
1517,4989337978.528675,0.13035157515201798,1.6316570849994605e-07,0.15773679316043854
1518,4989511660.504514,0.13035171320103076,2.030218553272789e-07,0.14583387970924377
1519,4989682681.35443,0.13035190353692516,1.9190571265426115e-07,0.16847650706768036
1520,4989852500.5727215,0.13035211671118305,2.1851715814591444e-07,0.1377280056476593
1521,4990026736.997489,0.13035160319308317,2.2852189829336567e-07,0.14359737932682037
1522,4990197511.868139,0.13035189505575298,2.1638061298290268e-07,0.15911436080932617
1523,4990376793.248029,0.13035218428645182,2.4182065772038186e-07,0.1343352347612381
1524,4990548710.9946,0.13035262589524688,2.5790137669901014e-07,0.14063601195812225
1525,4990723020.637801,0.13035238970556473,1.779043969918348e-07,0.15615221858024597
1526,4990896122.074602,0.13035234510800045,2.449550606797857e-07,0.1387726068496704
1527,4991070773.877067,0.13035256374274873,1.705498391402216e-07,0.17191968858242035
1528,4991242760.000799,0.1303524858374078,2.4784637275843124e-07,0.1279190629720688
1529,4991417532.031523,0.13035273463717664,1.967253950851955e-07,0.1479310393333435
1530,4991592692.860371,0.13035201870928498,2.7873363706021337e-07,0.13284000754356384
1531,4991763258.503707,0.1303527402428478,2.0220880969645805e-07,0.1548069566488266
1532,4991935186.575895,0.13035260479520708,2.217970518358925e-07,0.16237138211727142
1533,4992109341.92438,0.13035296102221708,2.2726392501226655e-07,0.14814148843288422
1534,4992281790.342624,0.1303528508755167,1.9936346973281616e-07,0.15312600135803223
1535,4992455291.143072,0.13035283073999024,2.3826392236969696e-07,0.13235363364219666
1536,4992628531.625111,0.13035290921745085,2.1795921156808618e-07,0.1411971002817154
1537,4992798606.490702,0.1303529510670226,1.7401742979927803e-07,0.14767524600028992
1538,4992969698.05839,0.1303533681848673,1.6307670591686474e-07,0.16930344700813293
1539,4993140847.468545,0.13035340711686796,1.880209197224758e-07,0.1453648954629898
1540,4993312858.867551,0.1303536895858855,1.9220426850097283e-07,0.14686371386051178
1541,4993485986.567889,0.13035340181197727,1.8142894475658977e-07,0.14972934126853943
1542,4993659176.6844635,0.13035316291419258,1.9033331000173348e-07,0.14208552241325378
1543,4993831648.503509,0.13035345383400396,1.551863846316337e-07,0.16263814270496368
1544,4994000244.452187,0.13035373590015856,1.8943066493193328e-07,0.16722941398620605
1545,4994175040.581316,0.13035371382683117,1.9781515447903075e-07,0.17216718196868896
1546,4994350043.228181,0.13035366854147915,2.2771820340494742e-07,0.15090703964233398
1547,4994523837.373442,0.1303538203092125,1.8855696737318794e-07,0.16335713863372803
1548,4994695403.548612,0.13035382469617274,1.886252505300945e-07,0.16454921662807465
1549,4994868491.356493,0.13035382504517345,1.5880354453656764e-07,0.16872629523277283
1550,4995044931.183751,0.13035421946720477,2.188260879165682e-07,0.13015124201774597
1551,4995220163.799891,0.13035462189603828,1.652317536127157e-07,0.17549088597297668
1552,4995394166.95615,0.1303545240761901,2.079656411524411e-07,0.16111135482788086
1553,4995565907.8019495,0.13035480189845988,2.099986460279979e-07,0.15612033009529114
1554,4995738914.062877,0.1303542086284122,1.9351877256212902e-07,0.15618248283863068
1555,4995913712.076302,0.13035457500217768,1.9164461662057874e-07,0.1585800051689148
1556,4996085453.553524,0.13035450315378605,1.9072574275469378e-07,0.15418575704097748
1557,4996255177.784333,0.1303546658310596,1.9208053458896757e-07,0.17506292462348938
1558,4996426226.170403,0.13035471767281112,1.9868046763349412e-07,0.15357550978660583
1559,4996600516.877654,0.13035505196081038,1.735548522674435e-07,0.1648741513490677
1560,4996772876.1628,0.13035479277738324,2.2769886243168003e-07,0.15142886340618134
1561,4996945171.397167,0.13035526465359865,2.173112250147824e-07,0.15576860308647156
1562,4997116993.995521,0.13035475545268607,2.0670297828928597e-07,0.13798920810222626
1563,4997286112.430488,0.13035499913134052,2.471260529546271e-07,0.1148206889629364
1564,4997459969.213183,0.1303554414237337,1.85870305813296e-07,0.14642538130283356
1565,4997632404.227585,0.13035534105123156,1.981953801077907e-07,0.1495264768600464
1566,4997802718.760023,0.1303551266581447,1.5138947162540717e-07,0.17406339943408966
1567,4997984282.627643,0.13035581215506922,2.2581552627798374e-07,0.14181168377399445
1568,4998152467.641712,0.13035579224606464,1.878965889545725e-07,0.1337592601776123
1569,4998324947.21617,0.13035586772503693,1.9029944553494715e-07,0.14882002770900726
1570,4998496127.120991,0.13035568491337046,2.637812315242627e-07,0.11726950854063034
1571,4998669369.943877,0.1303558566480332,2.3111500979666744e-07,0.1442502737045288
1572,4998844015.235845,0.13035580049191003,2.2650067421636777e-07,0.14393314719200134
1573,4999017609.250008,0.1303559715617586,1.826372937330234e-07,0.16756245493888855
1574,4999191395.245531,0.13035555219901707,1.8554656833202898e-07,0.14607742428779602
1575,4999365094.516535,0.13035571625760245,2.1357219281981088e-07,0.14208880066871643
1576,4999538857.657256,0.130355699261191,3.6308597373135854e-07,0.10413503646850586
1577,4999713356.335894,0.13035579332751002,2.393000215761276e-07,0.150727778673172
1578,4999885164.459806,0.1303563013403066,2.6304473976779263e-07,0.12819188833236694
1579,5000060052.914235,0.13035553672962916,2.5492983013464254e-07,0.142208993434906
1580,5000230448.872453,0.13035590772347136,2.5332451514259446e-07,0.1409800499677658
1581,5000400348.645675,0.1303564412071367,3.500693708247127e-07,0.11705882102251053
1582,5000574952.05079,0.1303562663956901,2.856523053651472e-07,0.11897704750299454
1583,5000745132.667899,0.13035612181218256,2.687556843739003e-07,0.13863548636436462
1584,5000919156.419649,0.13035672297060344,3.649973336905532e-07,0.1117950826883316
1585,5001092050.427637,0.13035641970748355,3.5752719895754126e-07,0.10529491305351257
1586,5001263406.282355,0.13035689778925433,2.882289038552699e-07,0.13150423765182495
1587,5001434773.057919,0.13035684791237398,2.0881280704543315e-07,0.1431872546672821
1588,5001606157.829545,0.1303570324359404,2.265602603301886e-07,0.14868378639221191
1589,5001781520.529128,0.13035650691914022,2.4765529360593064e-07,0.126607283949852
1590,5001953283.426794,0.13035665147338665,1.81877865657043e-07,0.14315909147262573
1591,5002124028.142463,0.13035672344209456,1.9256061989381124e-07,0.1430477499961853
1592,5002299818.665035,0.1303568754489321,1.785233365581007e-07,0.15419557690620422
1593,5002472863.54683,0.13035724444416688,1.9534810746790754e-07,0.13981766998767853
1594,5002643408.89041,0.13035709899734518,1.9924679861560435e-07,0.1472877413034439
1595,5002818028.904976,0.13035696485494971,2.573693507201824e-07,0.11484912782907486
1596,5002990219.820823,0.13035716064355896,2.0306833903305233e-07,0.12669840455055237
1597,5003161385.830765,0.13035693929059225,2.0226947583523724e-07,0.14528155326843262
1598,5003339118.306746,0.13035734029456483,1.7600436308384815e-07,0.16174422204494476
1599,5003511828.582748,0.13035712754877096,2.076315439580867e-07,0.1396942436695099
1600,5003676450.253822,0.13035702384918296,3.1705880587651336e-07,0.14628858864307404
1601,5003867480.34385,0.13035756984361682,2.669661114396149e-07,0.13348205387592316
1602,5004033021.236757,0.13035730763345432,3.3226240248040995e-07,0.10692192614078522
1603,5004206314.186624,0.13035785851448056,2.720333043271239e-07,0.14142242074012756
1604,5004375617.858853,0.13035813482763298,2.7784528811025666e-07,0.14505167305469513
1605,5004550907.689407,0.13035791088415188,2.4326658376594423e-07,0.1367333084344864
1606,5004721709.400634,0.13035812540809597,2.198560480337619e-07,0.1651061326265335
1607,5004893683.411024,0.13035791915606182,2.5776714096537034e-07,0.14042265713214874
1608,5005065435.561174,0.13035761603572812,2.552157525315124e-07,0.14031286537647247
1609,5005241197.311835,0.13035758201218783,2.001510921445515e-07,0.15413393080234528
1610,5005409779.173131,0.13035825676558035,2.218444592472224e-07,0.13467562198638916
1611,5005580675.045593,0.13035830910116036,2.150054427829673e-07,0.12025079876184464
1612,5005752216.307159,0.13035816277113077,1.921315231356857e-07,0.15430596470832825
1613,5005925312.0762615,0.1303579984124087,2.440978903450741e-07,0.13475888967514038
1614,5006099682.101399,0.13035818749594824,1.964026097311944e-07,0.16410517692565918
1615,5006270397.203006,0.13035857569905931,2.0257533606127254e-07,0.13359220325946808
1616,5006447766.457814,0.13035860739275373,1.9493388947466883e-07,0.1385430097579956
1617,5006621825.2502365,0.13035884183085408,1.9460932776382833e-07,0.14581069350242615
1618,5006796523.573426,0.1303583390996214,2.2706197455590882e-07,0.13575857877731323
1619,5006968896.554081,0.1303583575411851,2.131965999296881e-07,0.13832548260688782
1620,5007142577.377337,0.13035874057462998,1.7850308609013155e-07,0.15420763194561005
1621,5007311187.92301,0.13035854270731498,1.4309532048173423e-07,0.18201403319835663
1622,5007486431.0086155,0.13035868172670115,1.6116871393023757e-07,0.16342729330062866
1623,5007655629.313298,0.13035911342970513,1.8352281472289178e-07,0.15183953940868378
1624,5007831918.81813,0.130359294947116,1.7241615068996907e-07,0.157684326171875
1625,5008007637.967749,0.13035913058004875,2.0138918443990406e-07,0.172122523188591
1626,5008182213.865683,0.1303592600846471,2.441735205138684e-07,0.15646637976169586
1627,5008352443.869356,0.1303597844672645,2.68892620169936e-07,0.1478845179080963
1628,5008525010.109295,0.13035879255913543,2.3136060178785556e-07,0.1474601924419403
1629,5008695180.815599,0.13035936638748868,2.173426452145577e-07,0.15492556989192963
1630,5008865909.968505,0.13035924710161403,2.463230828197993e-07,0.1551080048084259
1631,5009040032.78532,0.1303599512551142,2.0564296221436962e-07,0.15348118543624878
1632,5009208328.170434,0.13035906640823652,1.8078445407354593e-07,0.17014284431934357
1633,5009382697.394103,0.13035942920037732,2.53395143090529e-07,0.13721944391727448
1634,5009554622.582246,0.1303597168468403,2.1862271637473896e-07,0.1681959629058838
1635,5009726325.685103,0.1303594254320483,1.8879461549659027e-07,0.16449034214019775
1636,5009903067.499565,0.13036037397406447,2.1708727615532553e-07,0.15235842764377594
1637,5010074408.350809,0.13035989742485862,2.2767029861370247e-07,0.13674341142177582
1638,5010247874.04644,0.1303598429406794,2.1574155084636004e-07,0.15053993463516235
1639,5010418821.429069,0.13036021128877406,2.0745335405081278e-07,0.16702550649642944
1640,5010594070.651083,0.13035993261706103,1.9341308643561206e-07,0.15525996685028076
1641,5010770160.529671,0.13036013418660572,2.570906758592173e-07,0.13007687032222748
1642,5010946050.6970825,0.1303604188555634,1.9396348704958655e-07,0.14264445006847382
1643,5011115181.274003,0.13036038325107804,1.918202343631492e-07,0.1402137726545334
1644,5011288981.846022,0.1303604754791257,2.346905887407047e-07,0.13214756548404694
1645,5011458833.395965,0.13035989587334948,2.6196880753559526e-07,0.15523742139339447
1646,5011643600.290794,0.1303601609114714,2.46493499389544e-07,0.15684746205806732
1647,5011813970.074918,0.13036040585558906,3.1012828571874707e-07,0.12382961809635162
1648,5011981005.697348,0.1303606780626029,1.9768742731685052e-07,0.14607715606689453
1649,5012150074.495968,0.13036080304422304,1.760979841947119e-07,0.16221743822097778
1650,5012330377.666446,0.1303605757057267,2.4855225433384476e-07,0.1500311642885208
1651,5012495892.230446,0.130360666244045,1.8685918234950805e-07,0.17019084095954895
1652,5012670210.836629,0.13036076197440638,1.972554457552178e-07,0.14884823560714722
1653,5012842185.560628,0.1303610969995916,2.5973920969590836e-07,0.14115004241466522
1654,5013012638.620817,0.13036088769354442,2.105373795302512e-07,0.15912163257598877
1655,5013183901.007127,0.13036174248685428,2.010811215313879e-07,0.16475172340869904
1656,5013361857.269821,0.1303615160775051,1.830743059372253e-07,0.18131142854690552
1657,5013529787.78844,0.13036167464115045,1.742301520835099e-07,0.17472179234027863
1658,5013702404.707663,0.13036131459146513,2.1128813898485532e-07,0.16099807620048523
1659,5013874045.191326,0.13036125283180092,2.0404709744070715e-07,0.15610502660274506
1660,5014047740.093379,0.13036144722977072,2.043629336867525e-07,0.15608060359954834
1661,5014220774.337632,0.13036155423834836,2.0175535553335067e-07,0.17063844203948975
1662,5014390624.96263,0.13036206246028786,2.1679289829990012e-07,0.15126349031925201
1663,5014566830.801433,0.13036176413495837,1.8977372917561297e-07,0.1899014562368393
1664,5014744250.669993,0.13036175945314102,1.8000046964061767e-07,0.20830576121807098
1665,5014914990.070906,0.13036213319225054,2.2431808588407876e-07,0.16155540943145752
1666,5015091106.030456,0.13036171232292798,2.1028603214290342e-07,0.15351366996765137
1667,5015264939.183782,0.13036221837570092,1.6800949254047737e-07,0.17171281576156616
1668,5015441389.554181,0.1303624494703346,1.9610449442097888e-07,0.1541624516248703
1669,5015609341.686237,0.13036229813853772,1.4173652118643076e-07,0.18733347952365875
1670,5015780444.497764,0.1303622683835297,1.6473748587486625e-07,0.16086316108703613
1671,5015956570.711172,0.1303624299935944,1.6358855248199689e-07,0.16433553397655487
1672,5016127522.871356,0.13036265321765683,1.44602751106504e-07,0.16367687284946442
1673,5016299909.3596325,0.13036310557894557,1.932674820182001e-07,0.15534347295761108
1674,5016471471.89152,0.13036303361105822,1.864374610249797e-07,0.16404958069324493
1675,5016641103.279541,0.13036283641900942,1.7909762561885145e-07,0.15623679757118225
1676,5016810828.958173,0.13036321542600152,2.2659834542082535e-07,0.14455729722976685
1677,5016990016.300629,0.130362777906574,1.8901056364484248e-07,0.1684466302394867
1678,5017160220.871221,0.13036323788952398,1.8081475161579874e-07,0.1757776290178299
1679,5017329602.002142,0.1303631321357735,2.0207710349495756e-07,0.15250475704669952
1680,5017502149.361255,0.13036311650085153,1.9180767196758097e-07,0.16611348092556
1681,5017676694.270948,0.13036324062641072,2.255413988905275e-07,0.16097119450569153
1682,5017847479.204034,0.13036285647509607,1.9562679653972737e-07,0.1763504147529602
1683,5018019942.796625,0.13036336167408927,2.082968393324336e-07,0.17301297187805176
1684,5018192357.775808,0.1303633352328553,2.3489977252211247e-07,0.16649796068668365
1685,5018368772.092434,0.1303634030848299,1.8077857077969384e-07,0.1702912449836731
1686,5018541909.942325,0.1303635956386357,2.0491995655902429e-07,0.1643284559249878
1687,5018713714.816841,0.13036396869675923,1.8257964029544382e-07,0.16513904929161072
1688,5018890759.500779,0.13036405150934335,2.0936661826453928e-07,0.17486348748207092
1689,5019062051.313,0.13036388928338916,1.9304994225421979e-07,0.17187878489494324
1690,5019239370.524874,0.1303637524068251,2.722959493439703e-07,0.142826110124588
1691,5019413465.293119,0.13036372343984554,1.8591877903872955e-07,0.16815990209579468
1692,5019586054.739155,0.13036403446198033,1.8977567606270895e-07,0.16881214082241058
1693,5019757674.970512,0.13036412822869875,2.014037221442777e-07,0.15986165404319763
1694,5019935770.403327,0.13036391205346226,1.977606132186338e-07,0.14449436962604523
1695,5020101473.336288,0.13036451357672466,1.667357594214991e-07,0.16249138116836548
1696,5020271079.846317,0.1303642996032664,1.7721495737532678e-07,0.15586857497692108
1697,5020445772.888392,0.1303642117623601,1.8585430439088668e-07,0.1606661081314087
1698,5020618153.743452,0.13036425779970964,1.683297909949033e-07,0.16924190521240234
1699,5020792037.755266,0.1303647423085188,1.9539642437393923e-07,0.15471245348453522
1700,5020964082.485548,0.13036434684126239,1.9209214485726989e-07,0.14714272320270538
1701,5021137083.346301,0.13036484037920198,1.8825558356638794e-07,0.1358376294374466
1702,5021305867.135888,0.13036521303783585,1.8570457882560731e-07,0.16315054893493652
1703,5021475188.118248,0.13036480850104926,1.881858082697363e-07,0.163853719830513
1704,5021650434.6570215,0.13036475802145117,2.3028547957437695e-07,0.15717768669128418
1705,5021822001.428769,0.130364584073348,2.3830244799682987e-07,0.15118633210659027
1706,5021995685.891725,0.13036475593616714,2.249888382266363e-07,0.13873156905174255
1707,5022168788.270936,0.130365280163482,2.1877984579532495e-07,0.14660319685935974
1708,5022341367.063515,0.13036467349689385,2.4302403289766517e-07,0.148964062333107
1709,5022513941.077834,0.13036525262547027,2.687785070065729e-07,0.11958138644695282
1710,5022690583.237855,0.1303652812565787,2.333150206368373e-07,0.14987581968307495
1711,5022866867.306703,0.13036545181324913,2.0829233449148887e-07,0.1527492105960846
1712,5023037705.551302,0.13036562000453825,2.668848537723534e-07,0.12854333221912384
1713,5023198090.610829,0.13036552702563522,2.6565246002974163e-07,0.14555788040161133
1714,5023385304.562975,0.1303650341909132,1.990090225945096e-07,0.1548679620027542
1715,5023556000.075516,0.13036615214154051,2.0742793083172728e-07,0.1669970154762268
1716,5023732080.709108,0.1303650219920833,2.346501162264758e-07,0.14723898470401764
1717,5023900016.153543,0.1303655301366282,2.955656839276344e-07,0.10815403610467911
1718,5024077357.446143,0.13036613753068985,2.3574679630655737e-07,0.14390450716018677
1719,5024253995.743084,0.13036630108172173,2.1097790181556775e-07,0.14703673124313354
1720,5024421232.734016,0.13036576665072466,1.7013988440339745e-07,0.16152404248714447
1721,5024597315.741939,0.13036609949560615,1.636334445720422e-07,0.14832311868667603
1722,5024763725.1530485,0.13036599577822824,1.7293811538365844e-07,0.15634682774543762
1723,5024936209.521915,0.1303659543941061,1.7853710687631974e-07,0.16409435868263245
1724,5025109807.402053,0.13036638838793282,1.9543307416824973e-07,0.1388806849718094
1725,5025281570.937656,0.1303663488134297,1.6799057789285143e-07,0.15370866656303406
1726,5025453906.143081,0.13036612616308585,1.6459445362215774e-07,0.16130244731903076
1727,5025626823.788192,0.13036656089725646,1.9199785583623452e-07,0.14197807013988495
1728,5025798823.815411,0.13036664971231568,1.6221295595642005e-07,0.1517661213874817
1729,5025965495.110811,0.1303662887691991,1.97674779656154e-07,0.15279410779476166
1730,5026142144.627792,0.13036664362968245,2.1298443186879013e-07,0.1607304811477661
1731,5026314933.170953,0.1303667025458035,2.2093138341006124e-07,0.146966353058815
1732,5026491716.566672,0.13036715200115445,2.879523037790932e-07,0.12923197448253632
1733,5026665369.473969,0.130367127421021,2.923479485161806e-07,0.12529024481773376
1734,5026838539.84979,0.13036669299564646,2.562480290180247e-07,0.14231880009174347
1735,5027012201.10951,0.1303668904666366,2.0601730454927747e-07,0.1584351509809494
1736,5027184530.695853,0.13036738097077258,2.6813390263669135e-07,0.1287274807691574
1737,5027358319.381321,0.13036703316320014,2.568020249782421e-07,0.1261177510023117
1738,5027531244.750023,0.1303665754987006,2.2359675710958982e-07,0.15264159440994263
1739,5027711556.3617325,0.13036694483205263,2.146504129996174e-07,0.1563722938299179
1740,5027843499.054257,0.1303676563544938,4.953560051035311e-07,0.16338810324668884
1741,5029083909.457119,0.1303684910514765,3.504073333715496e-07,0.16412638127803802
1742,5029444309.311377,0.13036770596480657,2.4366931938857306e-07,0.1418103128671646
1743,5029603207.124398,0.13036768756123046,1.6104723954413203e-07,0.13989052176475525
1744,5029773874.897643,0.1303680617332133,1.2123072679059987e-07,0.1490107923746109
1745,5029945652.232881,0.13036776938469583,1.3292243750129273e-07,0.15730203688144684
1746,5030120205.767853,0.1303681165665977,1.5073179326918762e-07,0.1339392066001892
1747,5030293560.998666,0.13036826421892658,1.5324445712394663e-07,0.1380106806755066
1748,5030463779.622662,0.13036849561428257,1.543398298053944e-07,0.13586284220218658
1749,5030636908.062741,0.13036855968334957,1.9870950040967728e-07,0.1213064193725586
1750,5030811314.895146,0.1303683430697688,2.0969078207144776e-07,0.12550051510334015
1751,5030985624.601116,0.13036849578349807,1.3100071782901068e-07,0.17678992450237274
1752,5031159019.882223,0.1303683692655195,1.4397019754142093e-07,0.16147322952747345
1753,5031333496.071787,0.13036862992456044,2.1205309508331993e-07,0.12261509150266647
1754,5031506584.33091,0.13036857186871464,1.7375093364080385e-07,0.13905823230743408
1755,5031681062.233781,0.13036883887242537,1.8983165261943213e-07,0.1312679648399353
1756,5031845499.166109,0.13036847271442373,2.505424845367088e-07,0.16061608493328094
1757,5032028238.218911,0.13036862021475615,3.75755405457312e-07,0.12348420917987823
1758,5032201198.106263,0.13036915250275435,3.015172183040704e-07,0.16136206686496735
1759,5032372290.600193,0.13036869338696827,2.8581007427419536e-07,0.14864210784435272
1760,5032544307.586653,0.13036834273739284,3.759368212286063e-07,0.12662172317504883
1761,5032714431.350258,0.13036886388263264,2.9939039336568385e-07,0.13381090760231018
1762,5032891706.678585,0.1303688769022861,3.077292660691455e-07,0.11815860122442245
1763,5033057067.71329,0.13036921734451665,2.1422850693397777e-07,0.1398063749074936
1764,5033232014.3128,0.13036935544969713,2.0240746323452186e-07,0.1304810643196106
1765,5033403346.412754,0.13036906689387537,1.643252858229971e-07,0.15167176723480225
1766,5033567473.631548,0.13036932971098092,2.1988404341755086e-07,0.120893694460392
1767,5033750785.371607,0.13036933286513488,1.978278305614367e-07,0.1338551789522171
1768,5033918796.950789,0.13036940714389536,2.0385864729632885e-07,0.13635508716106415
1769,5034092190.732872,0.1303694539727649,1.6225885701715015e-07,0.15942445397377014
1770,5034266275.34998,0.13036983200483812,1.935435420818976e-07,0.14544446766376495
1771,5034439030.417229,0.13036947827677736,1.9074896329129842e-07,0.14234976470470428
1772,5034614596.468001,0.13036927992567035,2.1522299675780232e-07,0.1286391317844391
1773,5034786892.6839,0.13036954243524468,1.8941905466363096e-07,0.13432703912258148
1774,5034961234.633516,0.13036931007471406,1.8918338184903405e-07,0.1296870857477188
1775,5035129353.304785,0.13036979225576462,2.048275149491019e-07,0.14555111527442932
1776,5035313801.718413,0.1303695865439464,1.9313964116918214e-07,0.1303270161151886
1777,5035480090.055414,0.13037010954115855,1.778555116516145e-07,0.12704604864120483
1778,5035652769.715593,0.1303701476850109,1.8512915289647935e-07,0.132475346326828
1779,5035826534.250292,0.13036969096311843,1.7852292444331397e-07,0.1383848339319229
1780,5035995030.767776,0.1303698655849676,2.031106731692489e-07,0.15037880837917328
1781,5036164614.83625,0.13036975999590786,2.6463598601367266e-07,0.1293145716190338
1782,5036344937.415817,0.1303707412298278,3.609713985497365e-07,0.14170768857002258
1783,5036518115.805849,0.13036997573169623,3.6330257557892764e-07,0.14636605978012085
1784,5036699365.966889,0.1303701613460307,3.0001419304426236e-07,0.13139130175113678
1785,5036860918.182054,0.1303700190013843,1.7035030452916544e-07,0.16098898649215698
1786,5037033909.465449,0.13037081309753176,1.9424672359491524e-07,0.1420649141073227
1787,5037205535.257859,0.1303706467205079,1.9077862134508905e-07,0.15080980956554413
1788,5037377424.5336485,0.13037080434536605,1.714396802299234e-07,0.1493314802646637
1789,5037541403.438226,0.13037023586201255,2.698877210605133e-07,0.1267210692167282
1790,5037720365.717297,0.13037081534957579,2.392268925177632e-07,0.11123309284448624
1791,5037893610.917373,0.1303705624434887,2.4699400569261343e-07,0.12875114381313324
1792,5038066299.598115,0.1303704161388108,2.4289437305924366e-07,0.12435970455408096
1793,5038238954.115288,0.13037037615202296,1.894040480010517e-07,0.15019308030605316
1794,5038413247.671884,0.13037084020892858,1.9905336046122102e-07,0.13620489835739136
1795,5038587897.99898,0.13037089178746838,2.1474058087278536e-07,0.139688178896904
1796,5038761103.248876,0.13037142614018496,2.2924493237042043e-07,0.11754528433084488
1797,5038933307.800682,0.1303710169279265,1.6400369418079208e-07,0.14923620223999023
1798,5039107325.15615,0.13037118822825933,1.6224882415372122e-07,0.14851610362529755
1799,5039289987.622486,0.13037132354399886,1.5942181619266194e-07,0.14362433552742004
1800,5039455641.126775,0.1303713089147541,1.3716392288642965e-07,0.13306941092014313
1801,5039625407.196241,0.1303711817804257,1.190187361999051e-07,0.1442253291606903
1802,5039796930.324408,0.13037128832492184,1.6814334458103986e-07,0.1393205225467682
1803,5039975687.791236,0.13037041625092483,3.790560185734648e-07,0.14289028942584991
1804,5040150189.212372,0.1303718787137494,3.601213904858014e-07,0.13180261850357056
1805,5040277621.110695,0.1303719244480535,9.124844382313313e-07,0.1062508150935173
1806,5040491799.564241,0.13037161643248601,3.539790895956685e-07,0.14195924997329712
1807,5040664575.021806,0.1303713636749277,2.6625644977684715e-07,0.162390798330307
1808,5040836673.239495,0.13037227295446663,4.1355440316692693e-07,0.12467747181653976
1809,5041012526.9254875,0.13037203566272543,2.265048095750899e-07,0.16023103892803192
1810,5041178299.368988,0.13037211152206318,1.592720337839637e-07,0.16764751076698303
1811,5041352040.855752,0.13037221165646956,1.6582716000357323e-07,0.15638242661952972
1812,5041525042.32327,0.1303724533459032,1.776045195356346e-07,0.15706582367420197
1813,5041695486.802109,0.13037189816056183,1.4917303303718654e-07,0.17130973935127258
1814,5041864683.087266,0.13037227961900869,1.9284743757452816e-07,0.1626432090997696
1815,5042044875.42589,0.13037240584449758,1.9266185802280233e-07,0.17427432537078857
1816,5042216476.483117,0.13037264782390354,2.3540520999176806e-07,0.13512730598449707
1817,5042388854.344094,0.13037287709420237,2.0689122948169825e-07,0.1592802256345749
1818,5042560317.488176,0.1303724175440769,1.9384877703032544e-07,0.1641121506690979
1819,5042736445.653958,0.13037270607571336,1.8791878630963765e-07,0.17296341061592102
1820,5042925049.352265,0.13037292116405877,1.356761316628763e-07,0.17422184348106384
1821,5043082469.640734,0.13037298511745218,1.007781378348227e-07,0.1796981692314148
1822,5043255236.934545,0.13037296955614328,1.044810247208261e-07,0.1777038872241974
1823,5043429040.3283825,0.13037277949617967,1.124636241911503e-07,0.1756918877363205
1824,5043603929.62879,0.13037279015096442,3.544576259173482e-07,0.14739787578582764
1825,5043777302.023102,0.13037336003212702,3.7210412529020687e-07,0.18371759355068207
1826,5043948257.436586,0.1303741674382526,5.302775889504119e-07,0.12032579630613327
1827,5044122221.845747,0.13037323948034488,3.9161116660579864e-07,0.16594094038009644
1828,5044292826.908066,0.1303727325646162,3.8346672681655036e-07,0.16230720281600952
1829,5044464141.731685,0.13037379360611473,3.0534451411767805e-07,0.17624279856681824
1830,5044636806.418048,0.13037289556975748,3.4099306844836974e-07,0.15771126747131348
1831,5044807360.864485,0.13037303678611728,3.082888326844113e-07,0.15707379579544067
1832,5044981298.43442,0.1303737518562248,3.596112776449445e-07,0.13513977825641632
1833,5045151089.303082,0.13037417646358673,4.193067582036747e-07,0.13529032468795776
1834,5045324876.284397,0.1303740219601814,2.9442801974255417e-07,0.15847967565059662
1835,5045505094.298754,0.13037359680793584,2.2494953100249404e-07,0.13462358713150024
1836,5045670236.62042,0.1303735594744065,1.659272470533324e-07,0.15068209171295166
1837,5045841454.586729,0.13037412778393792,1.7044857258952106e-07,0.15415184199810028
1838,5046015547.01652,0.13037366836177713,1.4031412831627676e-07,0.16675229370594025
1839,5046188680.002291,0.13037398241784143,1.4472733766979218e-07,0.16531622409820557
1840,5046362915.440111,0.13037395724583684,1.6352063880731293e-07,0.14603517949581146
1841,5046536863.033043,0.13037464367162227,1.5294354227535223e-07,0.15854738652706146
1842,5046710275.7932205,0.13037441628986204,1.8686104397147574e-07,0.13885246217250824
1843,5046886082.543375,0.13037437070910643,1.5951766840771597e-07,0.15539076924324036
1844,5047058665.069796,0.13037431619763085,1.5030789768388786e-07,0.14972807466983795
1845,5047228007.626139,0.13037408713243787,6.749002636752266e-07,0.103831946849823
1846,5047403812.657095,0.1303740377078322,4.069918588811561e-07,0.15185053646564484
1847,5047577795.188394,0.13037489008977468,4.1792930005613016e-07,0.1373564749956131
1848,5047768293.858251,0.13037422639321516,3.936341101962171e-07,0.1510845571756363
1849,5047922944.392713,0.13037487525529573,1.642659270828517e-07,0.15608836710453033
1850,5048091186.089447,0.13037460998689845,1.9915619020594022e-07,0.15793654322624207
1851,5048268648.881153,0.13037494050539386,2.237776328684049e-07,0.1427495777606964
1852,5048440715.296795,0.1303751881023015,1.8444814031681744e-07,0.14563743770122528
1853,5048614890.477856,0.13037501160021936,1.957238708882869e-07,0.15268979966640472
1854,5048781240.469054,0.13037491092159503,1.6425140358933277e-07,0.1486975997686386
1855,5048953514.77884,0.13037525263250047,1.9907301407329214e-07,0.14283449947834015
1856,5049128021.910528,0.13037561013274424,2.783321519927995e-07,0.1282447874546051
1857,5049298466.381921,0.13037524868572725,2.7253270218352554e-07,0.15729933977127075
1858,5049470765.233185,0.13037504617183607,3.0508641657434055e-07,0.13815052807331085
1859,5049644024.681456,0.1303752819079795,2.701407026961533e-07,0.1539614498615265
1860,5049817408.239396,0.1303756866108338,2.968208434594999e-07,0.13834941387176514
1861,5049992120.197641,0.13037531164866303,2.2069608007768693e-07,0.1629694551229477
1862,5050160643.446002,0.13037563996946228,2.4050510205597675e-07,0.15332069993019104
1863,5050336897.933859,0.1303759475913083,2.407978172414005e-07,0.13777750730514526
1864,5050509821.846784,0.13037572804575884,1.855197524491814e-07,0.17487643659114838
1865,5050683605.171268,0.1303758840865954,2.1737847077929473e-07,0.1543271243572235
1866,5050856788.733664,0.13037590278138134,1.9740478762741986e-07,0.15625599026679993
1867,5051028577.514397,0.13037558340887218,2.3658512304791657e-07,0.14957059919834137
1868,5051204305.290829,0.13037531031000085,3.0757897206967755e-07,0.1441870480775833
1869,5051379235.3837185,0.13037578511268721,3.14082257091286e-07,0.13231590390205383
1870,5051560378.558474,0.13037636671954295,1.887213585405334e-07,0.1692660003900528
1871,5051728571.58962,0.13037573819308024,2.1200965250045556e-07,0.14755044877529144
1872,5051902717.697612,0.13037630411401782,2.0884068874238437e-07,0.13792839646339417
1873,5052241441.072254,0.13037626311233771,2.579954525572248e-07,0.002687461208552122
1874,5052414723.921548,0.13037567523696972,2.41224370256532e-07,0.0026476464699953794
1875,5052588702.897667,0.1303762126407024,2.4005575482988206e-07,0.002530239289626479
1876,5052758161.616752,0.13037637923131806,2.951694284547557e-07,0.002275059698149562
1877,5053105491.192554,0.13037659157099496,1.6410396597166255e-07,0.1505315750837326
1878,5053255784.552752,0.13037693723392843,3.1895561392047966e-07,0.14333398640155792
1879,5053445403.395222,0.1303763342142644,3.5591708069659944e-07,0.12528228759765625
1880,5053622387.183099,0.13037659406399113,2.8460686962716863e-07,0.13889721035957336
1881,5053791682.764435,0.13037669844313962,2.7984566486338736e-07,0.14378048479557037
1882,5053963680.704837,0.1303771681014938,2.839763055817457e-07,0.1155790388584137
1883,5054138832.212826,0.130376834994728,2.989662277741445e-07,0.08774323016405106
1884,5054312457.042827,0.13037681318549835,2.553365447965916e-07,0.11932850629091263
1885,5054486167.170884,0.13037686452612046,3.031223627658619e-07,0.1219785287976265
1886,5054657827.120253,0.13037674231328938,2.5365326905557595e-07,0.13897943496704102
1887,5054830882.447499,0.1303772711229689,3.1184981708065607e-07,0.123440220952034
1888,5055004994.79602,0.1303762095035269,2.98825540312464e-07,0.13063213229179382
1889,5055176560.13423,0.1303779601588582,3.5381501106712676e-07,0.10883206874132156
1890,5055352400.650712,0.130377235619953,3.6648191326094093e-07,0.13766957819461823
1891,5055523907.049964,0.13037637610560657,3.8193448403944785e-07,0.11735934019088745
1892,5056390272.800269,0.13037748480686548,2.392000908457703e-07,0.07232298702001572
1893,5056566825.756037,0.13037734269019213,2.4638481477268215e-07,0.06921392679214478
1894,5056733241.038242,0.13037794150295862,2.588524239399703e-07,0.04523508995771408
1895,5056906002.703781,0.13037752644301848,2.241278878045705e-07,0.1287907361984253
1896,5057078492.480397,0.13037778245983067,1.9199734424546477e-07,0.13494250178337097
1897,5057247141.756097,0.13037744548962116,2.271920891416812e-07,0.1302114576101303
1898,5057420491.646424,0.13037818895311792,2.1619045753595856e-07,0.1091638132929802
1899,5057594355.789699,0.13037787387540478,1.820563113597018e-07,0.13969168066978455
1900,5057766908.576617,0.1303778190233855,1.77543924451129e-07,0.13219252228736877
1901,5057935803.868808,0.1303782785718897,2.253162989518387e-07,0.11481034010648727
1902,5058112002.179588,0.13037820238913453,2.529745586343779e-07,0.13000398874282837
1903,5058285092.70182,0.1303784301625446,2.8085980829928303e-07,0.12329468876123428
1904,5058457941.478106,0.1303777857827895,2.2168838142988534e-07,0.157481849193573
1905,5058631389.991776,0.1303785616905241,2.8859952294624236e-07,0.1261601746082306
1906,5058807223.671096,0.1303784852712451,2.0203539463636844e-07,0.14112704992294312
1907,5058979838.8303585,0.13037830958717386,2.260273248566591e-07,0.14226482808589935
1908,5059153402.032063,0.13037796067067314,2.22507324565413e-07,0.13653866946697235
1909,5059327508.026264,0.1303783223650689,2.9184494110268133e-07,0.12843084335327148
1910,5059501231.303206,0.13037867594238206,2.669573007096915e-07,0.12727348506450653
1911,5059676650.058612,0.13037883154939867,2.7489915055411984e-07,0.12693385779857635
1912,5059848393.184503,0.13037839399484585,2.2387104081644793e-07,0.1444472223520279
1913,5060019262.880615,0.13037866718054808,2.3873522536632663e-07,0.1435021162033081
1914,5060191052.682842,0.13037841736679223,3.011199112279428e-07,0.10212740302085876
1915,5060363762.359852,0.13037875730510823,3.308340978946944e-07,0.10911227017641068
1916,5060535021.143757,0.13037900067756483,2.318541305612598e-07,0.1419295072555542
1917,5060708345.483565,0.13037854668469054,2.169337562918372e-07,0.1465393602848053
1918,5060882500.749436,0.13037908810952817,2.413033541870391e-07,0.14558102190494537
1919,5061054044.18043,0.13037911352760023,2.0489484597874252e-07,0.14175735414028168
1920,5061223550.38595,0.13037921701644184,2.14954511079668e-07,0.1381261646747589
1921,5061394651.176141,0.13037955786560648,1.8359062892159272e-07,0.1450805515050888
1922,5061565609.434442,0.13037895903222144,1.9613241875049425e-07,0.12201493978500366
1923,5061742124.540259,0.13037928941021723,1.7958464582079614e-07,0.15139108896255493
1924,5061914102.725689,0.1303792612016355,2.076595961852945e-07,0.14687322080135345
1925,5062084538.050929,0.13037938493384055,2.424071681161877e-07,0.1273944228887558
1926,5062260015.262476,0.1303790456433861,2.501916753772093e-07,0.11997544020414352
1927,5062433175.803961,0.13037968143524795,1.9303816145566088e-07,0.1353549212217331
1928,5062606498.248446,0.13037953530463803,2.3721976560864277e-07,0.12338187545537949
1929,5062780808.91889,0.13037948077404524,2.4941374476838973e-07,0.12446579337120056
1930,5062954077.044913,0.13037946423858343,2.133865706355209e-07,0.1446889340877533
1931,5063124763.064936,0.13037981027607862,2.5819801408033527e-07,0.11994574964046478
1932,5063302285.733343,0.13037891938771354,2.66300816065268e-07,0.13829897344112396
1933,5063474199.518223,0.13037960478784394,2.394992861809442e-07,0.1385127753019333
1934,5063651316.007673,0.13037950865161038,2.482424008576345e-07,0.13956239819526672
1935,5063822323.583785,0.1303796755906438,1.9415598728755867e-07,0.17316502332687378
1936,5063993287.498153,0.13037974783635664,2.6574193157102854e-07,0.1400858759880066
1937,5064164686.002938,0.13038008330518572,2.3064276888362656e-07,0.1568019837141037
1938,5064339529.540237,0.13038041984571733,2.6109327677659167e-07,0.15883752703666687
1939,5064507995.648546,0.13037978841101502,3.0775208870181814e-07,0.1338856965303421
1940,5064682483.515854,0.13037982642837706,3.338523413276562e-07,0.13496160507202148
1941,5064853612.015434,0.13038001400215796,2.2655611076061177e-07,0.1670500636100769
1942,5065027137.664724,0.13038014174624518,2.4317489533132175e-07,0.13643142580986023
1943,5065199117.398106,0.13038040134229192,2.2924149334357935e-07,0.14460489153862
1944,5065369596.6374235,0.13038071203195023,2.6183514023614407e-07,0.12409719079732895
1945,5065545013.347026,0.1303802846787196,2.0963172175925138e-07,0.1401994675397873
1946,5065718588.640132,0.13038075528398485,2.2263526489041396e-07,0.13647045195102692
1947,5065887992.888348,0.1303803998552646,1.7167620569580322e-07,0.138824462890625
1948,5066061866.386187,0.13038079723293716,1.9793152716829354e-07,0.1360315978527069
1949,5066234192.353328,0.13038016296742336,2.18933578821634e-07,0.13459689915180206
1950,5066407143.181566,0.13038072692044522,1.6042315564845921e-07,0.1622799038887024
1951,5066582312.455428,0.1303810584626943,2.0048585724907753e-07,0.12874391674995422
1952,5066755921.389122,0.13038068054579424,2.0621679652776947e-07,0.1334916651248932
1953,5066928691.056953,0.13038128248428177,1.8305770765891793e-07,0.13251428306102753
1954,5067095933.554809,0.13038079090052157,2.0462593397496676e-07,0.14269736409187317
1955,5067272106.55921,0.13038164935679727,2.206907225854593e-07,0.13269533216953278
1956,5067449311.492548,0.13038126991361457,2.1030191987847502e-07,0.16338077187538147
1957,5067579667.070362,0.13038195029115923,8.581766905990662e-07,0.12159057706594467
1958,5067839910.673143,0.13038072353426539,5.811407390865497e-07,0.13603240251541138
1959,5067969311.830449,0.130381247351241,2.7056765361521684e-07,0.14124718308448792
1960,5068143160.994344,0.13038091640059593,2.4047838564911217e-07,0.14340956509113312
1961,5068270822.899606,0.1303815227337092,6.223095283530711e-07,0.1678682118654251
1962,5068485202.836611,0.13038126990795357,3.058809738831769e-07,0.12323372811079025
1963,5068654520.588882,0.1303813884027517,3.093308293955488e-07,0.12588165700435638
1964,5068829585.401158,0.13038141437432818,3.469089051577612e-07,0.11019009351730347
1965,5069002085.684803,0.13038148985802026,2.496981039712409e-07,0.14255332946777344
1966,5069171419.427504,0.13038184646056114,2.4297094114444917e-07,0.13791118562221527
1967,5069344504.352445,0.1303817934495652,2.6925110319098167e-07,0.12938448786735535
1968,5069517730.092617,0.13038199107062287,2.7574975547395297e-07,0.12545911967754364
1969,5069689793.09289,0.13038179007652093,2.397942182597035e-07,0.14510944485664368
1970,5069862134.436631,0.13038101866981744,2.4422121214229264e-07,0.13003475964069366
1971,5070035159.1166115,0.13038164734713956,2.2221770734631718e-07,0.134229838848114
1972,5070210141.73007,0.13038178630519962,2.0110543630380562e-07,0.13779544830322266
1973,5070381581.92785,0.13038198837880732,2.2888553985467297e-07,0.13284145295619965
1974,5070554554.033791,0.13038215322774663,2.0243463438873732e-07,0.14367857575416565
1975,5070728702.06866,0.13038228815506395,1.9499560721669695e-07,0.1494738757610321
1976,5070902932.865411,0.13038189086469165,1.8416334057747008e-07,0.15426990389823914
1977,5071075739.6415,0.13038182754656438,1.8117735578471184e-07,0.15211525559425354
1978,5071251954.600158,0.1303824626570028,1.8843061866391508e-07,0.14316144585609436
1979,5071363703.187697,0.1303823697640401,7.850113661334035e-07,0.1332121044397354
1980,5071594884.294796,0.13038244201219068,2.0994394844819908e-07,0.1446262151002884
1981,5071769795.239237,0.13038253573971115,2.663842053607368e-07,0.11965120583772659
1982,5071900123.93205,0.13038299814078477,5.219155809754739e-07,0.15290085971355438
1983,5072116152.732714,0.13038266425330666,1.9906066484054463e-07,0.162368506193161
1984,5072330790.073419,0.13038261258973607,5.522294372894976e-07,0.16505061089992523
1985,5072459054.098609,0.13038260605036625,2.1663277038896922e-07,0.15472741425037384
1986,5072631926.350323,0.13038287018874362,1.981565986852729e-07,0.14423559606075287
1987,5072804208.468436,0.1303830790756805,2.776820338112884e-07,0.134517103433609
1988,5072974022.746259,0.13038314753297137,2.959902758448152e-07,0.12337698042392731
1989,5073145825.829116,0.13038253064251384,2.551270199546707e-07,0.14661501348018646
1990,5073317550.885965,0.13038212545135172,2.903453264480049e-07,0.12479681521654129
1991,5073489855.878327,0.13038357595548128,3.6386373380992154e-07,0.10603000223636627
1992,5073663210.950553,0.13038264715752107,2.1258867377582646e-07,0.13382300734519958
1993,5073837593.64291,0.13038312656281567,1.680344752230667e-07,0.1692129522562027
1994,5074008301.198524,0.1303832866816795,2.2119517950613954e-07,0.15134365856647491
1995,5074183101.211629,0.13038346755418212,1.808404306302691e-07,0.15570273995399475
1996,5074356051.999012,0.13038337727338015,3.0482999591185944e-07,0.1201847642660141
1997,5074531263.922454,0.13038332838540947,2.0201015615839424e-07,0.15054869651794434
1998,5074703472.678313,0.13038319359301495,1.8550201730249682e-07,0.16351599991321564
1999,5074878537.174698,0.1303832351340836,1.674204099799681e-07,0.15244421362876892
2000,5075052156.579373,0.13038336946869236,1.5477034764899145e-07,0.1722353994846344
2001,5075224122.993412,0.1303837034901162,2.094215147963041e-07,0.12515170872211456
2002,5075397358.573106,0.130383382149091,1.8532912804403168e-07,0.12645888328552246
2003,5075571984.59589,0.13038372381767016,2.0766469788213726e-07,0.12265227735042572
2004,5075744025.415128,0.13038385117503073,2.0545932954973978e-07,0.1357836276292801
2005,5075915667.284394,0.1303837831437864,2.370379803551259e-07,0.117804154753685
2006,5076087356.139391,0.1303839231257879,2.4863646785888704e-07,0.11519670486450195
2007,5076258259.99822,0.13038344313084083,2.6613156478560995e-07,0.1327231526374817
2008,5076433785.5424185,0.13038393430273568,2.541256947097281e-07,0.14295600354671478
2009,5076649325.967211,0.13038396455776224,6.507096941277268e-07,0.14359235763549805
2010,5076779937.451836,0.13038423325112677,2.043422711039966e-07,0.15568123757839203
2011,5076946924.061131,0.13038374163267535,2.7489693366078427e-07,0.12200039625167847
2012,5077120948.342132,0.1303845082325949,2.3138264282351884e-07,0.13279344141483307
2013,5077293632.756732,0.13038387049265682,2.2197126270384615e-07,0.1279759556055069
2014,5077465951.642065,0.13038406596424762,2.500579796560487e-07,0.12541267275810242
2015,5077637172.812895,0.130383917214822,2.307459112671495e-07,0.12602639198303223
2016,5077808866.841736,0.13038448936712096,1.9855608002217195e-07,0.1462121605873108
2017,5077983351.668224,0.13038425101849196,2.045174340992162e-07,0.1274992823600769
2018,5078153954.406175,0.13038426928610175,3.025657520083769e-07,0.12168112397193909
2019,5078326438.517625,0.13038425205454646,2.376825136707339e-07,0.13879486918449402
2020,5078507235.451072,0.13038486607061445,2.5747866061465174e-07,0.1407267451286316
2021,5078679176.792028,0.13038439899538226,2.5338414388897945e-07,0.12331432104110718
2022,5078853231.339639,0.1303846438055399,3.2587959708507697e-07,0.10662636905908585
2023,5079026788.153902,0.13038474346528317,3.503568279938918e-07,0.11624839156866074
2024,5079201345.450256,0.13038510064273728,1.8783050848014682e-07,0.15141379833221436
2025,5079376313.512354,0.1303848762898046,2.3074677812928712e-07,0.1254567950963974
2026,5079547315.715293,0.13038482640541818,1.4851570995233487e-07,0.14893029630184174
2027,5079717273.669086,0.13038510916894136,2.0490219299063028e-07,0.11529789119958878
2028,5079889765.046464,0.1303849045251564,1.8119682465567166e-07,0.1403767466545105
2029,5080063443.995877,0.13038507116877496,1.7834214816048188e-07,0.14029014110565186
2030,5080234435.65649,0.13038518549300404,2.9873535822844133e-07,0.1222403421998024
2031,5080408511.446302,0.1303852605228088,2.00632882751961e-07,0.14977087080478668
2032,5080581198.673306,0.13038534991315154,1.787863794788791e-07,0.14570580422878265
2033,5080749083.69366,0.13038546433557935,1.8939293511266442e-07,0.1301887333393097
2034,5080922493.34381,0.13038533112578446,2.1046366782684345e-07,0.14500786364078522
2035,5081096387.869831,0.13038546214616617,2.718851135341538e-07,0.11710087954998016
2036,5081265061.9938755,0.13038493498285544,2.1022250962232647e-07,0.15044759213924408
2037,5081439288.489601,0.13038529454298783,2.0711097192815942e-07,0.14730821549892426
2038,5081611882.066106,0.13038517458657548,2.2294860002602945e-07,0.1507006585597992
2039,5081782628.948858,0.13038572687635033,2.412838568943698e-07,0.12504372000694275
2040,5081958263.862433,0.13038567886870353,2.4161050760085345e-07,0.13407602906227112
2041,5082130551.375641,0.1303860042926755,2.2144871536511346e-07,0.13842317461967468
2042,5082306312.154248,0.1303853519947053,2.961048153338197e-07,0.12711267173290253
2043,5082476599.479824,0.1303855870119368,3.1969625524652656e-07,0.11466249078512192
2044,5082651043.699709,0.13038534079754815,2.523413229482685e-07,0.12413087487220764
2045,5082826708.169398,0.13038620575085375,3.0288470043160487e-07,0.128793865442276
2046,5083000863.122367,0.1303860171423803,3.042930245555908e-07,0.11466620117425919
2047,5083173354.895726,0.1303858629145308,2.4247108854069666e-07,0.12695267796516418
2048,5083349870.079344,0.13038584843606602,2.3409926086515043e-07,0.1311437338590622
2049,5083521854.996402,0.13038565705580338,2.85212763628806e-07,0.10760250687599182
2050,5083695640.053318,0.1303862726592997,3.2143518069460697e-07,0.11086109280586243
2051,5083867614.163052,0.13038602438809882,2.0684143464677618e-07,0.13452255725860596
2052,5084039604.394889,0.1303862372383072,1.9762255476507562e-07,0.13504788279533386
2053,5084210495.374676,0.1303862750924937,1.8653211952823767e-07,0.1336463838815689
2054,5084381706.41607,0.13038609804321047,1.8894667164204293e-07,0.15270966291427612
2055,5084554212.997265,0.13038646928955966,1.9507747595071123e-07,0.1293693333864212
2056,5084727370.686054,0.13038683289321668,2.001510921445515e-07,0.12783727049827576
2057,5084900899.551706,0.1303866511734788,2.3417877059728198e-07,0.10990241914987564
2058,5085072425.356409,0.13038662879267832,1.8313548366677423e-07,0.13005030155181885
2059,5085240309.7079735,0.13038646477963367,1.8950571245568426e-07,0.132237046957016
2060,5085411537.647233,0.1303864736596231,2.3180268726719078e-07,0.1298719346523285
2061,5085586172.785987,0.1303865892490232,2.459514973907062e-07,0.141239196062088
2062,5085761594.685793,0.1303862991009086,2.3263086745828332e-07,0.16752849519252777
2063,5085931699.564923,0.13038661667818632,2.6113065132449265e-07,0.13906987011432648
2064,5086106176.150063,0.13038696172567463,2.252113233680575e-07,0.1493241786956787
2065,5086278009.578672,0.13038666396994011,2.2934190724299697e-07,0.16401851177215576
2066,5086454610.5400505,0.13038704985888203,2.2173260560975905e-07,0.14402034878730774
2067,5086627019.425187,0.13038700731405856,1.9792987870914658e-07,0.1358732432126999
2068,5086801368.350873,0.1303870291562844,2.475115934430505e-07,0.14844171702861786
2069,5086974253.738602,0.13038740701949472,2.1263930705117673e-07,0.15366388857364655
2070,5087147400.579021,0.13038753612009565,2.7124565349367913e-07,0.12517674267292023
2071,5087319928.451321,0.13038720785363467,2.752050534127193e-07,0.14018002152442932
2072,5087499675.479945,0.13038734409647135,2.188753427390111e-07,0.14658381044864655
2073,5087670382.837968,0.13038780898593158,2.4064982540039637e-07,0.1471521407365799
2074,5087843325.261214,0.13038751040093421,1.9527649897099764e-07,0.16882169246673584
2075,5088014885.128313,0.13038734604527233,2.623889656661049e-07,0.11447391659021378
2076,5088185293.380987,0.13038786280376163,2.167363390981336e-07,0.14323793351650238
2077,5088358295.499137,0.13038768174506335,2.1782885539778363e-07,0.13428667187690735
2078,5088530575.040367,0.13038761351284808,2.1267833005822467e-07,0.15118303894996643
2079,5088700535.832734,0.13038757968364878,2.438497688217467e-07,0.13007371127605438
2080,5088873907.409031,0.13038746705522208,2.505010741060687e-07,0.1341869980096817
2081,5089044357.600056,0.13038798703171145,1.8533455659053288e-07,0.13883404433727264
2082,5089218352.292045,0.13038802377579237,1.7839546728737332e-07,0.15072034299373627
2083,5089389925.16819,0.130388002719289,1.7208070346441673e-07,0.15634028613567352
2084,5089563681.756249,0.1303879087259073,2.1737187694270688e-07,0.13820919394493103
2085,5089736010.242534,0.1303878646060751,1.8254888800584013e-07,0.14589495956897736
2086,5089902297.610201,0.13038812745754916,2.2257793830249284e-07,0.13891096413135529
2087,5090079649.925577,0.13038851372486715,2.7143124725625967e-07,0.12382626533508301
2088,5090251814.463098,0.13038784316669821,2.5105237000389025e-07,0.13716959953308105
2089,5090425439.233292,0.1303882128059969,2.4958072231129336e-07,0.1442338526248932
2090,5090601690.213178,0.13038877340016117,2.5406029635632876e-07,0.14118461310863495
2091,5090774071.549805,0.1303887800495906,2.2707946811806323e-07,0.13926632702350616
2092,5090948125.979111,0.1303880032190956,2.8690081421700597e-07,0.11590256541967392
2093,5091123179.883062,0.1303884237615945,2.171200605971535e-07,0.1505689173936844
2094,5091296438.410063,0.13038852721386002,2.2890775142059283e-07,0.14672203361988068
2095,5091469565.568576,0.13038886413982012,2.5387370783391816e-07,0.14414852857589722
2096,5091641706.691296,0.1303885301671463,3.1502838737651473e-07,0.11883777379989624
2097,5091815565.379581,0.13038880370475842,2.9215158292572596e-07,0.13001544773578644
2098,5091987638.182211,0.1303889040630494,2.3181245012438012e-07,0.14880095422267914
2099,5092158849.039093,0.13038850839652003,2.0799701871965226e-07,0.16075780987739563
2100,5092332045.064495,0.130388996017579,2.9863386430406536e-07,0.12902875244617462
2101,5092503415.129343,0.13038866114995942,3.200375715550763e-07,0.12429051101207733
2102,5092676075.3230295,0.13038880892267984,2.479673071320576e-07,0.1522032618522644
2103,5092847532.128528,0.13038865701507335,2.4729598635531147e-07,0.1272514909505844
2104,5093020624.494396,0.13038899085916905,2.368410179087732e-07,0.1354009509086609
2105,5093193253.129529,0.13038893981779726,1.8135331458779547e-07,0.14315055310726166
2106,5093363861.73916,0.13038908714703126,1.8961239334203128e-07,0.1299283802509308
2107,5093537712.7303,0.13038881595664312,2.5124521130237554e-07,0.11379004269838333
2108,5093709842.352977,0.1303895781188543,1.7856385170489375e-07,0.16181151568889618
2109,5093881029.976437,0.13038922334341427,2.2764005791486852e-07,0.12395134568214417
2110,5094053465.737033,0.13038894209087998,1.7308744304500578e-07,0.15487462282180786
2111,5094229101.250793,0.1303892694670892,2.356358663746505e-07,0.12145229429006577
2112,5094400566.0399885,0.13038996476314085,2.4965157763290335e-07,0.12832431495189667
2113,5094574930.835587,0.13038936594612366,1.9492807723509031e-07,0.15004049241542816
2114,5094748794.008006,0.13038956543235733,1.9500511427850142e-07,0.14887088537216187
2115,5094922025.09382,0.1303894373106764,1.7727242607179505e-07,0.1557876467704773
2116,5095092563.729781,0.13038926300285725,3.0693107078150206e-07,0.0886676013469696
2117,5095273115.283496,0.1303892436061306,3.30291527461668e-07,0.11510986089706421
2118,5095442415.019802,0.13038940382746694,2.449566522955138e-07,0.12637928128242493
2119,5095614954.004904,0.1303895765795487,2.6012304488176596e-07,0.11530593782663345
2120,5095790951.053797,0.130389819064421,3.016050982296292e-07,0.09681977331638336
2121,5095963391.797644,0.1303885358732006,3.324244346458727e-07,0.09695903211832047
2122,5096133650.437769,0.13038998011739583,3.0060516564844875e-07,0.11921200156211853
2123,5096304004.275818,0.1303899644406059,2.8881882485620736e-07,0.11183806508779526
2124,5096477682.228954,0.13038970051746285,2.7399408963901806e-07,0.11541814357042313
2125,5096651248.716201,0.13038985279027057,2.5433979544686736e-07,0.15016379952430725
2126,5096823624.2938595,0.13038980257396215,2.7508863809089235e-07,0.11806552857160568
2127,5096993880.387876,0.13038943375399606,2.7287632065053913e-07,0.11583555489778519
2128,5097161789.1881075,0.13038990115339694,3.6358451893647725e-07,0.11348192393779755
2129,5097336951.325582,0.13039021212384075,2.2576431035759015e-07,0.12014956772327423
2130,5097510289.198321,0.1303903067002223,2.6514675255384645e-07,0.13215228915214539
2131,5097689610.381483,0.13039021120129007,2.6120486040781543e-07,0.12431514263153076
2132,5097853545.709435,0.13039020504455576,2.258311013747516e-07,0.12331106513738632
2133,5098027232.7473545,0.13039000296979952,2.396186857822613e-07,0.1093696728348732
2134,5098201233.033494,0.13039025195579487,1.803598479455104e-07,0.13194294273853302
2135,5098375872.550101,0.1303901273554554,2.066187789750984e-07,0.11514786630868912
2136,5098550621.91825,0.130390463122345,1.9936459239033866e-07,0.13899852335453033
2137,5098723303.9084215,0.1303901622581593,1.5011823961685877e-07,0.16588467359542847
2138,5098897253.6039915,0.130390812442519,1.6026028504256828e-07,0.14554332196712494
2139,5099064715.431101,0.13039064107125845,1.8117184197308234e-07,0.13812553882598877
2140,5099241313.905956,0.13039077580973582,2.2852275094464858e-07,0.1254185140132904
2141,5099417112.083881,0.13039059032382805,2.2480865879970224e-07,0.1224704310297966
2142,5099590285.819048,0.1303905811923593,1.9435533715750353e-07,0.14901216328144073
2143,5099763230.713964,0.13039043751689133,2.317920433370091e-07,0.14918453991413116
2144,5099937128.265851,0.1303907349603075,2.4680969090695726e-07,0.12458167225122452
2145,5100110011.4013195,0.13039102365614266,2.204474043310256e-07,0.14667224884033203
2146,5100281226.456033,0.13039068997667683,2.629049333791045e-07,0.13910703361034393
2147,5100491111.992001,0.13038928710491865,5.925629693592782e-07,0.1648813784122467
2148,5100627112.737036,0.1303907817793744,2.178192914925603e-07,0.13464008271694183
2149,5100799817.448358,0.13039124992370288,3.0265155714914727e-07,0.12212371826171875
2150,5100967925.452233,0.13039082449955955,2.0042564585764922e-07,0.14136983454227448
2151,5101140086.500018,0.13039123539907876,2.260273248566591e-07,0.14760001003742218
2152,5101311744.945786,0.1303906740368913,2.355516244278988e-07,0.12483718991279602
2153,5101483394.521037,0.13039087654366532,2.4797708420010167e-07,0.13218677043914795
2154,5101656999.609395,0.13039132920095853,2.5175143036904046e-07,0.1316024214029312
2155,5101832143.843328,0.1303918071629788,2.3545072735942085e-07,0.1306983232498169
2156,5102003765.545384,0.13039158735962417,2.1851715814591444e-07,0.14048470556735992
2157,5102176570.989353,0.130391694541095,2.3305595675537916e-07,0.12010955810546875
2158,5102349276.203984,0.1303915258302435,2.1744357070474507e-07,0.13107046484947205
2159,5102524782.14529,0.13039140330953852,2.304168731370737e-07,0.12244314700365067
2160,5102697852.911711,0.13039175773171763,1.9149045726862823e-07,0.14286234974861145
2161,5102871669.82382,0.13039168363500628,2.2497830798329232e-07,0.11906834691762924
2162,5103041922.237341,0.13039136482002225,2.1497430680028629e-07,0.12541447579860687
2163,5103217264.598676,0.1303923677223019,1.9919387739264494e-07,0.13640554249286652
2164,5103391889.485274,0.13039188532232368,2.2691459378165746e-07,0.1210823506116867
2165,5103561919.558339,0.13039174667279144,2.405834038654575e-07,0.12022942304611206
2166,5103733811.61551,0.1303920963949478,2.492063515546761e-07,0.13781599700450897
2167,5103909987.597125,0.13039187033242802,2.3410200356011046e-07,0.12901777029037476
2168,5104082130.061982,0.13039210451998606,2.728228309933911e-07,0.11472649872303009
2169,5104254942.283228,0.13039247901294615,2.7334402830092586e-07,0.12784314155578613
2170,5104426078.338967,0.13039236717752817,2.963833765079471e-07,0.1028486117720604
2171,5104597827.94961,0.1303923877119069,3.050359111966827e-07,0.11430875211954117
2172,5104772726.527754,0.13039268043554808,2.982223179515131e-07,0.12561260163784027
2173,5104942556.069929,0.13039260894698237,2.6741898295767896e-07,0.12078552693128586
2174,5105156968.275263,0.1303925257985453,5.505526132765226e-07,0.14111493527889252
2175,5105286083.913014,0.1303924543357716,3.3904251495187054e-07,0.09414642304182053
2176,5105462506.170535,0.13039226467892778,3.012122817835916e-07,0.12422539293766022
2177,5105675936.707316,0.13039251697802173,6.384339599208033e-07,0.14713603258132935
2178,5105803239.672555,0.13039252903386706,2.379170496169536e-07,0.13194870948791504
2179,5105978340.479988,0.13039290786624275,1.8627528675096983e-07,0.1370229423046112
2180,5106150008.950321,0.13039260196510605,2.452648573125771e-07,0.11456939578056335
2181,5106366575.9641075,0.13039253884551064,4.582635995120654e-07,0.14132359623908997
2182,5106499742.306102,0.13039313030103827,2.797154650124867e-07,0.12229297310113907
2183,5106674121.585261,0.1303927117679316,2.0376161558033346e-07,0.14262831211090088
2184,5106849433.541805,0.13039244778035353,2.8494144999058335e-07,0.10887487232685089
2185,5107020243.033618,0.13039278433582263,2.244097458969918e-07,0.12281052023172379
2186,5107193083.369224,0.1303932505080718,1.957516246875457e-07,0.12662340700626373
2187,5107366080.408129,0.13039317558944652,2.0932938582518545e-07,0.11949723213911057
2188,5107537810.33392,0.13039266728403628,2.486200685325457e-07,0.11040077358484268
2189,5107710103.209323,0.13039312883066254,2.097577578297205e-07,0.12278074026107788
2190,5107882298.203978,0.1303931809321241,2.5547529958203086e-07,0.10677874833345413
2191,5108059865.858735,0.13039306976491552,2.2938571930808394e-07,0.13068830966949463
2192,5108226787.695387,0.1303932226852842,2.5187077312693873e-07,0.12222736328840256
2193,5108401676.517701,0.1303935948424295,2.408962700428674e-07,0.1362510323524475
2194,5108572768.309406,0.13039380290029334,2.603777886633907e-07,0.12059890478849411
2195,5108744454.072441,0.1303935863162447,2.5858798835542984e-07,0.11758176237344742
2196,5108917924.379601,0.13039380406820367,2.277636070857625e-07,0.14058953523635864
2197,5109088526.210736,0.1303932876835628,2.366218865290648e-07,0.14069107174873352
2198,5109261613.203155,0.13039356425164667,2.9107468435540795e-07,0.12017225474119186
2199,5109432910.509902,0.13039325182057665,2.2825136625215237e-07,0.13374918699264526
2200,5109604626.51533,0.1303935614566599,2.7999632834507793e-07,0.10884883254766464
2201,5109776677.906138,0.130393508190917,2.238263192566592e-07,0.13664929568767548
2202,5109949870.399499,0.1303937213581761,2.4737138915043033e-07,0.1303185373544693
2203,5110125449.463241,0.13039372467725988,2.597822685856954e-07,0.12016028165817261
2204,5110299272.925264,0.13039358008049948,2.2212792316622654e-07,0.14931783080101013
2205,5110473756.70813,0.1303937629982652,2.4459643555019284e-07,0.13805122673511505
2206,5110645279.950538,0.1303939141722044,2.4798089270916535e-07,0.13408908247947693
2207,5110822205.069488,0.13039394454436926,2.4736598902563856e-07,0.1387956142425537
2208,5110993566.881368,0.13039384438584375,3.041416789528739e-07,0.11138508468866348
2209,5111210028.976195,0.13039503834796587,8.32976354558923e-07,0.11636554449796677
2210,5111344326.651076,0.1303941415071997,2.4847577151376754e-07,0.11595713347196579
2211,5111516585.744296,0.13039382676546082,1.7866770463115245e-07,0.1255752295255661
2212,5111686018.689334,0.13039416154116368,1.8428575287998683e-07,0.13611558079719543
2213,5111858901.880947,0.13039392165725947,2.0348574025774724e-07,0.12755019962787628
2214,5112029382.095324,0.13039416305240747,2.1970110708480206e-07,0.12833860516548157
2215,5112203317.289249,0.13039417894651464,2.218592243252715e-07,0.12682603299617767
2216,5112377080.204381,0.1303939125729136,2.1733167443471757e-07,0.14250926673412323
2217,5112548562.962393,0.13039429162779828,2.3731057297027291e-07,0.12311731278896332
2218,5112715731.61442,0.13039403885860976,2.264345226876685e-07,0.12748970091342926
2219,5112891356.721063,0.13039407107256287,2.1539780448165402e-07,0.13351549208164215
2220,5113060615.864479,0.13039500094711853,2.525750062432053e-07,0.12274705618619919
2221,5113234772.553886,0.13039401409800583,2.5681288207124453e-07,0.1320938616991043
2222,5113409308.303473,0.13039423682158421,2.3593730702486937e-07,0.148085817694664
2223,5113579128.487262,0.13039421648023541,2.9041677862551296e-07,0.12070772796869278
2224,5113753051.498847,0.1303949362688731,2.434420309782581e-07,0.15734106302261353
2225,5113925889.333924,0.13039484587884526,3.096008924785565e-07,0.10551680624485016
2226,5114099480.015414,0.13039442038852342,2.551376780957071e-07,0.14243711531162262
2227,5114274232.575412,0.13039521767459028,3.080919270814775e-07,0.10826428234577179
2228,5114445625.569089,0.13039473416955125,3.114081437161076e-07,0.1233179047703743
2229,5114617290.680241,0.13039476310318138,2.5498883360342006e-07,0.11837995797395706
2230,5114794234.175566,0.1303945332725236,3.350401129864622e-07,0.1135297566652298
2231,5114971014.154803,0.1303946761513923,2.9496550268959254e-07,0.12611208856105804
2232,5115142341.004279,0.13039511356455777,2.821173836764501e-07,0.11608272045850754
2233,5115318463.487236,0.1303950782194667,2.2882922223743662e-07,0.13281592726707458
2234,5115491933.69218,0.13039497765874908,2.1384178694461298e-07,0.14368118345737457
2235,5115663795.013349,0.13039498060814345,2.422167710847134e-07,0.1271318644285202
2236,5115835488.434653,0.13039510139353808,2.2477914285445877e-07,0.1350436955690384
2237,5116007070.423476,0.13039512011311497,2.0249608212452586e-07,0.131740540266037
2238,5116179095.492729,0.13039476980079154,2.3307308083531098e-07,0.1271735578775406
2239,5116350250.838438,0.1303952544763566,1.6782612988208712e-07,0.15105241537094116
2240,5116523138.296021,0.13039499260521836,2.1651634085628757e-07,0.12364889681339264
2241,5116695097.298257,0.13039506717606736,2.137061585472111e-07,0.12073016166687012
2242,5116867860.547794,0.130395123355566,1.7813493968787952e-07,0.14419014751911163
2243,5117035488.090136,0.13039543178572807,1.7096917304115777e-07,0.14540252089500427
2244,5117210624.41468,0.1303950358537083,1.7786192074709106e-07,0.14031274616718292
2245,5117380012.22051,0.1303955712560576,2.2787388331835245e-07,0.12722598016262054
2246,5117554391.024368,0.1303954323065543,2.4905443751777057e-07,0.1335168182849884
2247,5117725250.155316,0.1303955797987223,2.627046455927484e-07,0.13018757104873657
2248,5117896167.563342,0.13039524484249557,2.1232037283880345e-07,0.14621897041797638
2249,5118071965.474638,0.1303956251612985,2.3675121951782785e-07,0.13989481329917908
2250,5118247369.154208,0.13039486967504535,2.2309627922822983e-07,0.14723196625709534
2251,5118421771.842687,0.13039632901094317,2.9935506518086186e-07,0.11925967037677765
2252,5118595943.894154,0.13039567206989847,3.2467659139001626e-07,0.11553303152322769
2253,5118767977.695872,0.13039540922151435,2.3448794195246592e-07,0.12555813789367676
2254,5118942655.946806,0.13039562546759983,2.5330021458103147e-07,0.145369291305542
2255,5119116938.525033,0.13039590304836673,2.9637689635819697e-07,0.12027881294488907
2256,5119287831.933131,0.13039603277669154,2.999911430379143e-07,0.1151733323931694
2257,5119467439.056932,0.1303954956649554,2.5286803406743275e-07,0.12882296741008759
2258,5119638888.369549,0.13039558053844783,2.865484134417784e-07,0.11061293631792068
2259,5119811786.862203,0.13039566072579392,3.7162820376579475e-07,0.10626742243766785
2260,5119981864.949016,0.13039581397801236,2.807936141380196e-07,0.11587630212306976
2261,5120150938.118794,0.13039630085047596,2.7575723038353317e-07,0.1236678883433342
2262,5120325237.528304,0.13039576569266056,2.654504953625292e-07,0.12609049677848816
2263,5120498267.804481,0.13039603866961968,2.3079927302660508e-07,0.1389622688293457
2264,5120671685.450527,0.1303965650528256,2.8778586624866875e-07,0.10257497429847717
2265,5120839716.146381,0.1303958614365078,2.2051111159271386e-07,0.11566466093063354
2266,5121013874.902573,0.13039597525818075,2.845502820036927e-07,0.10361099988222122
2267,5121185323.977628,0.13039612939647738,2.0067314210336917e-07,0.12138991802930832
2268,5121356855.859833,0.13039652639233182,2.821101929839642e-07,0.11192606389522552
2269,5121528295.544124,0.130396433241191,2.6695323640524293e-07,0.10937493294477463
2270,5121700132.935724,0.13039665607610526,2.347513543554669e-07,0.11115775257349014
2271,5121871396.05119,0.13039646192751822,2.1317383414043434e-07,0.12815266847610474
2272,5122048756.000108,0.1303960558252326,3.903633398749662e-07,0.07992026954889297
2273,5122224276.862918,0.1303965549169438,3.1529248190054204e-07,0.10266956686973572
2274,5122397059.616518,0.1303969655114092,3.4978720009348763e-07,0.11768437922000885
2275,5122569746.691672,0.13039656552697132,2.7658421686282963e-07,0.13425582647323608
2276,5122741578.692212,0.13039667911674335,3.110229442881973e-07,0.10398077964782715
2277,5122912074.4157295,0.130396700257494,2.789505231248768e-07,0.1302124261856079
2278,5123093192.089864,0.13039693549521672,3.925509020064055e-07,0.08643026649951935
2279,5123265468.596773,0.1303966582908768,2.372497078795277e-07,0.10960941761732101
2280,5123436872.833867,0.13039684476272198,3.7446469036694907e-07,0.1078244149684906
2281,5123611285.840948,0.13039716385877073,3.1532482580587384e-07,0.11670567095279694
2282,5123784396.413892,0.13039646337640937,3.2431293561785424e-07,0.105366550385952
2283,5123955343.032704,0.13039732541673663,2.7196668384021905e-07,0.13160184025764465
2284,5124126780.197949,0.1303972403309002,3.937644521556649e-07,0.11007986217737198
2285,5124298830.326473,0.1303976334421574,3.067588068006444e-07,0.11733238399028778
2286,5124470481.074313,0.1303971660545359,3.280696034835273e-07,0.11089741438627243
2287,5124643551.446486,0.13039700818553962,2.875426616810728e-07,0.10978186875581741
2288,5124816121.625361,0.1303969185227391,2.332255633064051e-07,0.12912382185459137
2289,5124994715.537098,0.13039702903883563,3.114382423063944e-07,0.11672988533973694
2290,5125157893.294331,0.13039729722371635,2.643948562308651e-07,0.10954149812459946
2291,5125329908.731029,0.13039758928421724,2.201889230946108e-07,0.12266833335161209
2292,5125505027.072286,0.1303971294162033,2.105061582824419e-07,0.13536891341209412
2293,5125675188.804246,0.13039742117103023,2.3963337980603683e-07,0.1286105513572693
2294,5125849416.335622,0.13039747516696878,2.7875447017322585e-07,0.11000538617372513
2295,5126021349.971069,0.13039674937030127,2.600798154617223e-07,0.11635037511587143
2296,5126197174.577624,0.1303975487430631,2.8736511126226105e-07,0.10949359834194183
2297,5126369684.3458805,0.1303977176144233,2.39645146393741e-07,0.11628816276788712
2298,5126539970.191845,0.13039747478964306,2.238838163748369e-07,0.13334646821022034
2299,5126717072.744154,0.13039761535450298,2.733244173214189e-07,0.11785870790481567
2300,5126891915.235042,0.13039753971629434,1.910952818207079e-07,0.14729440212249756
2301,5127065919.390989,0.13039753593974815,2.459960057876742e-07,0.14642170071601868
2302,5127220271.612107,0.13039778258526322,3.572834543774661e-07,0.12502926588058472
2303,5127412650.089299,0.13039750914841802,2.850972293799714e-07,0.12812714278697968
2304,5127583390.628987,0.13039831538313182,3.371768855231494e-07,0.11639496684074402
2305,5127758305.931357,0.13039820841895491,2.511402783511585e-07,0.13658645749092102
2306,5127929783.176363,0.1303977732592186,3.389149583199469e-07,0.10779992491006851
2307,5128106355.260193,0.13039733224426847,3.7278454101397074e-07,0.10732024908065796
2308,5128275371.473981,0.13039875073937882,3.5741501847041945e-07,0.09547389298677444
2309,5128445925.122852,0.13039771550786056,2.7936169999520644e-07,0.1159302145242691
2310,5128618371.871428,0.13039789423820577,2.9184494110268133e-07,0.12715473771095276
2311,5128786197.158657,0.1303985159160974,2.9685435265491833e-07,0.1131523996591568
2312,5128963580.544665,0.13039818557836635,3.5727208569369395e-07,0.10544958710670471
2313,5129133660.702504,0.13039815569872484,3.185210744049982e-07,0.09779500961303711
2314,5129305900.452828,0.13039779833894635,2.523945283883222e-07,0.11463373154401779
2315,5129478709.342321,0.13039870454486896,2.1405442396371654e-07,0.13376279175281525
2316,5129655998.531583,0.1303987508415328,2.5095329192481586e-07,0.1070382371544838
2317,5129822145.569461,0.13039840799355565,2.3483060829221358e-07,0.12088416516780853
2318,5129953259.745932,0.13039845051610574,6.948872623979696e-07,0.09934046864509583
2319,5130171304.331801,0.13039868777173114,2.380994317263685e-07,0.12640780210494995
2320,5130346596.257987,0.1303980481213091,2.672136645287537e-07,0.10508571565151215
2321,5130518167.551004,0.1303982215218715,2.7455226359052176e-07,0.0889071449637413
2322,5130648287.112174,0.13039890306505422,5.199731276661623e-07,0.13214199244976044
2323,5130866041.494746,0.13039885197140488,1.9975497878021997e-07,0.11421069502830505
2324,5131032054.791214,0.1303988360855126,2.586409380000987e-07,0.10808419436216354
2325,5131212913.521774,0.13039883355652898,2.4801781250971544e-07,0.12032096832990646
2326,5131388960.931885,0.13039808851038404,3.8431858229159843e-07,0.09901705384254456
2327,5131560997.320217,0.13039958280324185,3.1590226967637136e-07,0.11672274023294449
2328,5131728212.347583,0.1303989944556309,2.5425080707464076e-07,0.14318643510341644
2329,5131901137.396071,0.130399611443626,3.093350358085445e-07,0.12524732947349548
2330,5132076285.51418,0.13039841231348812,2.932351321760507e-07,0.11073194444179535
2331,5132248204.561489,0.1303985783953866,3.8595757700932154e-07,0.11434314399957657
2332,5132417712.877927,0.13039893740049072,3.308611837837816e-07,0.10729970782995224
2333,5132765050.681086,0.1303993509373214,2.3592748732426116e-07,0.12938618659973145
2334,5132935534.146317,0.13039851586177895,2.775205985017237e-07,0.13656383752822876
2335,5133109622.715875,0.13039928508590426,3.138861472962162e-07,0.10718321055173874
2336,5133278009.471425,0.1303990484500466,2.52298434588738e-07,0.1355278491973877
2337,5133454214.921829,0.13039892552259688,2.532146368139365e-07,0.1248270645737648
2338,5133626879.1144,0.1303988378717332,2.811267449942534e-07,0.12280779331922531
2339,5133794490.646604,0.13039900654142386,2.259377680502439e-07,0.13471542298793793
2340,5133970375.797201,0.13039925977163805,2.6189587742919684e-07,0.12578526139259338
2341,5134145364.376757,0.13039947547810293,2.9738373541476903e-07,0.11237229406833649
2342,5134320437.259168,0.13039879411969083,3.027858497262059e-07,0.10526415705680847
2343,5134492875.559008,0.1303995986026621,2.57542467352323e-07,0.11033512651920319
2344,5134667238.7861395,0.1303992023322753,2.604984956633416e-07,0.10829822719097137
2345,5134839555.308977,0.13039972617216397,2.4456673486383806e-07,0.11219017952680588
2346,5135011432.196918,0.1303992552813048,2.654511490618461e-07,0.1138642430305481
2347,5135186565.679827,0.13039972685005455,2.849348561539955e-07,0.09938984364271164
2348,5135356395.944528,0.13040017243134244,2.769615718989371e-07,0.10475260764360428
2349,5135529815.52953,0.1304001464197379,2.2086231865614536e-07,0.13537749648094177
2350,5135705761.430195,0.1303995640498713,2.5366952627337014e-07,0.11831628531217575
2351,5135880806.299669,0.13039944907271409,2.7146114689458045e-07,0.10730525106191635
2352,5136055009.261108,0.13039971941524228,3.1286191415347275e-07,0.11777275055646896
2353,5136223991.889593,0.1303997161063833,3.6438873962651996e-07,0.09305591136217117
2354,5136392506.223552,0.1304000030341015,2.777643715035083e-07,0.11019764095544815
2355,5136565845.482884,0.13040028022551095,3.4972171647496e-07,0.10550320148468018
2356,5136734835.85267,0.1303994458999146,2.974745711981086e-07,0.11541108042001724
2357,5136912510.32938,0.13039997719160357,2.769850198092172e-07,0.12601123750209808
2358,5137081970.620191,0.13039983088887647,2.6683548526307277e-07,0.10130380094051361
2359,5137254125.02662,0.13040079576959976,3.3150121225844487e-07,0.10144782066345215
2360,5137427294.067346,0.13039991371854862,2.674360075616278e-07,0.11471273750066757
2361,5137600941.264424,0.13040009522601004,2.3435862317455758e-07,0.12247622013092041
2362,5137773641.883384,0.13040058060061185,3.109009298896126e-07,0.11737076938152313
2363,5137945482.265395,0.13040037440900287,2.952170348180516e-07,0.103726327419281
2364,5138118019.297842,0.1304000756662129,2.9240575827316206e-07,0.09488701820373535
2365,5138293180.438705,0.13040066313167475,2.503814187093667e-07,0.12048275023698807
2366,5138467136.427963,0.13039987847629633,2.914564163347677e-07,0.09365449100732803
2367,5138641793.522514,0.13040026037552693,3.2156648899217544e-07,0.09324032813310623
2368,5138818928.674597,0.13040001309505517,2.612924276945705e-07,0.11114943772554398
2369,5138986879.897546,0.1304000416705826,1.782674843298082e-07,0.14139921963214874
2370,5139159430.629958,0.13039990920120642,2.418251767721813e-07,0.11267542839050293
2371,5139332476.74081,0.13040060708101195,2.4857794755916984e-07,0.10132046043872833
2372,5139506920.798941,0.13040039855616592,2.0424758417902922e-07,0.12240154296159744
2373,5139679888.6904955,0.13040065108743476,2.2896070106526167e-07,0.1124599426984787
2374,5139852152.584855,0.1304005279150005,2.212715060068149e-07,0.13178163766860962
2375,5140024702.172656,0.1304005562058841,2.6712200451584067e-07,0.10838242620229721
2376,5140196703.201522,0.13040070537816828,4.00425534508031e-07,0.09623870998620987
2377,5140369107.724816,0.1304006231154713,2.419773466044717e-07,0.12597347795963287
2378,5140540581.798127,0.13040091471038304,2.1071632261282502e-07,0.14075902104377747
2379,5140713250.139406,0.1304004188893744,2.2734251103884162e-07,0.1500944048166275
2380,5140883504.349226,0.13040062608895925,2.3811287519492907e-07,0.15239574015140533
2381,5141057733.413832,0.13040070590548355,2.0220234375756263e-07,0.17009137570858002
2382,5141229806.501959,0.13040113420548047,2.141438528724393e-07,0.1430068463087082
2383,5141402101.109421,0.13040097229481448,2.183257663546101e-07,0.13434834778308868
2384,5141573241.8132715,0.1304008921941788,2.0915980769586895e-07,0.13913430273532867
2385,5141745483.039017,0.13040093739360145,2.5997906050179154e-07,0.12407702207565308
2386,5141915937.643932,0.1304015317715121,3.4661132986002485e-07,0.09945519268512726
2387,5142092255.903019,0.13040105880794403,2.595815544736979e-07,0.13093505799770355
2388,5142265668.627426,0.13040131468615768,2.2412507405533688e-07,0.13363765180110931
2389,5142441135.099044,0.13040147085315654,2.243832000203838e-07,0.1340007483959198
2390,5142616607.855912,0.13040120575162345,3.262386769620207e-07,0.13970720767974854
2391,5142791912.506194,0.13040130534679337,2.908677458890452e-07,0.12207581847906113
2392,5142961894.074906,0.13040165850316013,2.387797906067135e-07,0.12201349437236786
2393,5143135404.17539,0.13040139567366854,2.671722256764042e-07,0.11630114167928696
2394,5143310935.252634,0.13040145295148664,1.9070549228672462e-07,0.13674363493919373
2395,5143481658.673843,0.13040163454686832,1.7616372360862442e-07,0.12884971499443054
2396,5143653072.489526,0.13040152715171238,2.322170047364125e-07,0.12041774392127991
2397,5143826916.583906,0.1304017164739186,1.9254434846516233e-07,0.1232692152261734
2398,5143999728.208906,0.13040147521656378,1.987838373906925e-07,0.13473264873027802
2399,5144170936.213037,0.13040205545417966,2.2644444186425972e-07,0.11811589449644089
2400,5144301390.523876,0.13040070590815253,7.202278311524424e-07,0.12386881560087204
2401,5144518347.903199,0.13040155420507465,2.0544142387279862e-07,0.12469519674777985
2402,5144684437.311829,0.13040195441196648,2.2528861620685348e-07,0.11561177670955658
2403,5144859789.365099,0.13040242204447342,2.6777982498060737e-07,0.12093891203403473
2404,5145028676.016611,0.13040191892925743,2.4515358632015705e-07,0.12804220616817474
2405,5145203852.69405,0.13040180360536655,3.3682675848467625e-07,0.10655269026756287
2406,5145371979.971682,0.13040188112292678,2.6587093771013315e-07,0.12974600493907928
2407,5145589738.671154,0.13040286251273744,8.073419621723588e-07,0.12009672075510025
2408,5145707756.902245,0.1304021999135312,3.811495616901084e-07,0.10783058404922485
2409,5145894617.037543,0.13040236950023612,3.487105857402639e-07,0.10998983681201935
2410,5146067543.686628,0.13040249772522636,2.6152963528147666e-07,0.13588306307792664
2411,5146237741.989368,0.13040187844615306,2.7311386929795844e-07,0.11211574822664261
2412,5146416128.68367,0.1304024220781228,2.392595490618987e-07,0.1304357349872589
2413,5146587886.749021,0.13040275587202224,2.2161474078075116e-07,0.1311415433883667
2414,5146761018.650302,0.13040243752276737,3.005674500400346e-07,0.09456612914800644
2415,5146979695.048576,0.13040182617758542,6.960847258596914e-07,0.12818323075771332
2416,5147111745.954752,0.13040231364058216,2.4307516355293046e-07,0.12324380874633789
2417,5147285807.042929,0.13040247756122011,2.4355611571991176e-07,0.11227850615978241
2418,5147460919.198757,0.13040224103458517,1.98856014321791e-07,0.12331197410821915
2419,5147628156.213029,0.13040320075540096,2.525239892747777e-07,0.12582293152809143
2420,5147805716.624664,0.13040259375624783,2.3113346969694248e-07,0.12910793721675873
2421,5147973372.756449,0.13040308130566425,2.0172086578895687e-07,0.11937317997217178
2422,5148145261.411329,0.13040241911861092,3.0422182817346766e-07,0.09997531771659851
2423,5148318582.642324,0.13040261821958543,2.3461149112335988e-07,0.11632662266492844
2424,5148493278.604251,0.13040299775038314,2.183976590686143e-07,0.13732631504535675
2425,5148662618.87078,0.13040310648091402,2.5127343405983993e-07,0.10331521183252335
2426,5148835324.172906,0.13040329282632251,2.0319006921454275e-07,0.12201044708490372
2427,5149004829.470697,0.13040266271049913,2.1148449036445527e-07,0.11970756202936172
2428,5149179017.552213,0.1304031759279616,1.9216231805785355e-07,0.1383979469537735
2429,5149348208.789848,0.13040336569200192,2.481716308011528e-07,0.11542807519435883
2430,5149520590.892856,0.13040327389102954,3.250610234317719e-07,0.11063238978385925
2431,5149651910.16574,0.1304033368933997,4.295389999242616e-07,0.14433541893959045
2432,5149868377.383954,0.13040363925106,2.830878713666607e-07,0.11565598100423813
2433,5150040490.418018,0.13040341908325465,2.370171330312587e-07,0.12000835686922073
2434,5150217607.977702,0.1304036010245483,2.933429072982108e-07,0.11327626556158066
2435,5150390388.1962805,0.13040325792232763,2.682389492747461e-07,0.11695443093776703
2436,5150561692.15725,0.13040268819171677,3.739777980626968e-07,0.09323861449956894
2437,5150733406.993076,0.13040249760117406,3.21980962780799e-07,0.09908434748649597
2438,5150909019.100259,0.1304030482909449,3.6080911058888887e-07,0.09428289532661438
2439,5151082950.775587,0.13040348494782805,2.7584010808823223e-07,0.1248796209692955
2440,5151258593.595398,0.1304031755126132,4.350365543359658e-07,0.10053835064172745
2441,5151431299.215689,0.13040406995421588,2.3528086501301004e-07,0.13197197020053864
2442,5151605974.242951,0.1304032699715119,3.7966233890074363e-07,0.09430553019046783
2443,5151778231.219103,0.13040358550050488,2.324598682434953e-07,0.12835724651813507
2444,5151949467.234682,0.13040352005072003,2.539716206229059e-07,0.12218476831912994
2445,5152120803.493421,0.13040317915790872,2.5700722972032963e-07,0.12867502868175507
2446,5152293283.484622,0.13040356290976807,3.030629045497335e-07,0.10973309725522995
2447,5152465142.04941,0.1304037850196547,2.4362762474083866e-07,0.11796144396066666
2448,5152639021.107736,0.13040376031431297,3.310224485630897e-07,0.09293724596500397
2449,5152807680.605784,0.1304038847429466,2.3608095034433063e-07,0.10741476714611053
2450,5152980080.065772,0.13040368635826619,3.147438860651164e-07,0.09538939595222473
2451,5153152400.682308,0.13040367302646055,2.46508420786995e-07,0.11653254926204681
2452,5153325626.682914,0.1304038209788561,2.0079119167348836e-07,0.12689079344272614
2453,5153498855.060443,0.13040421690868548,2.0486362473093322e-07,0.133419468998909
2454,5153671989.764085,0.13040363818601838,2.4011978894122876e-07,0.11463204771280289
2455,5153841120.300958,0.13040390161377247,2.59567229932145e-07,0.1269914209842682
2456,5154017100.517114,0.1304036462822916,3.1187570925794716e-07,0.11503100395202637
2457,5154188477.638074,0.13040397228481973,2.526628009036358e-07,0.14221660792827606
2458,5154362368.137825,0.1304040362463211,2.314241100975778e-07,0.1275489777326584
2459,5154537753.3824215,0.13040391823855235,2.708310375965084e-07,0.12021715193986893
2460,5154710886.838241,0.13040462230625957,2.1402510697043908e-07,0.14385542273521423
2461,5154885263.46572,0.13040483333206856,3.174304481490253e-07,0.1107189878821373
2462,5155060319.055322,0.130404344477855,3.02252686879001e-07,0.11872012913227081
2463,5155232199.356527,0.13040417649520442,2.233385600902693e-07,0.11627189815044403
2464,5155402773.35438,0.13040415876407652,2.9415130597953976e-07,0.1285112351179123
2465,5155572356.149989,0.13040360374608867,3.78969787107053e-07,0.09261815994977951
2466,5155751153.754336,0.13040481292525208,2.1704431674152147e-07,0.13866901397705078
2467,5155921058.69668,0.13040443903948568,4.126335113596724e-07,0.0929819643497467
2468,5156095194.6948,0.13040475917393554,2.3550371963665384e-07,0.1434255838394165
2469,5156266714.666648,0.13040438716362748,2.8048205535924353e-07,0.12246901541948318
2470,5156439236.881928,0.1304052228975019,2.563319014825538e-07,0.14469559490680695
2471,5156611155.492114,0.13040467027642685,2.536654619689216e-07,0.12882377207279205
2472,5156786465.25773,0.13040492096759881,2.1447108622396627e-07,0.1482698619365692
2473,5156956837.387612,0.13040466220031588,2.390876261415542e-07,0.1263333112001419
2474,5157124879.948435,0.13040496915363733,2.501927838238771e-07,0.12022704631090164
2475,5157299990.045649,0.1304048496612867,1.9834853048905643e-07,0.12633705139160156
2476,5157474895.382969,0.13040529699082853,2.3701522877672687e-07,0.12134402990341187
2477,5157644703.172011,0.13040488450782972,2.541829644542304e-07,0.11256518959999084
2478,5157817831.248027,0.1304054989463137,2.46493499389544e-07,0.11646169424057007
2479,5157988451.199798,0.13040484534745714,2.0739172157391295e-07,0.1427314281463623
2480,5158164402.6708555,0.1304050570990483,2.0397999378474196e-07,0.13726456463336945
2481,5158334902.797603,0.13040504602790254,2.0731049232836085e-07,0.14201946556568146
2482,5158513347.529252,0.13040510240119246,1.8932284717720904e-07,0.14507028460502625
2483,5158682310.475349,0.13040561825406619,2.4686107735760743e-07,0.11985749751329422
2484,5158856155.727143,0.13040552623673257,2.3231557122471713e-07,0.1241767629981041
2485,5159031248.128511,0.13040564317504813,2.6440406486472057e-07,0.14370182156562805
2486,5159205829.380969,0.1304056892433653,2.700474226458027e-07,0.12635615468025208
2487,5159382037.711131,0.1304048320579989,4.3991499865114747e-07,0.08220907300710678
2488,5159552577.642819,0.1304055867705746,2.2673098953873705e-07,0.12272348254919052
2489,5159726410.505631,0.13040549741006444,2.734029465045751e-07,0.1334654688835144
2490,5159898653.331575,0.13040568602946123,2.597566606254986e-07,0.13639286160469055
2491,5160075324.690987,0.13040550709583537,2.716172105010628e-07,0.14218614995479584
2492,5160240848.391409,0.13040592303348164,3.3035567525985243e-07,0.11247735470533371
2493,5160414234.138011,0.13040533856818146,2.670352046152402e-07,0.1395874172449112
2494,5160584920.03011,0.1304054331175178,2.5373927314831235e-07,0.13177838921546936
2495,5160757243.494002,0.13040589042323827,2.3282110817035573e-07,0.13531707227230072
2496,5160928561.105498,0.13040558279983666,2.1940576289125602e-07,0.11518649756908417
2497,5161103154.009392,0.13040593317167118,2.6546447884356894e-07,0.1206829845905304
2498,5161273455.997371,0.13040578715503964,2.163049259706895e-07,0.14424023032188416
2499,5161444334.884041,0.1304060377387192,2.3256725967257807e-07,0.1330636441707611
2500,5161623501.590329,0.13040593889337262,1.782001675110223e-07,0.14728416502475739
2501,5161790018.594809,0.13040600197524402,1.7540733665555308e-07,0.13343968987464905
2502,5161964796.640601,0.13040631638783365,2.1067437216970575e-07,0.12590229511260986
2503,5162137682.990334,0.13040615129994682,2.333231634565891e-07,0.13186132907867432
2504,5162310542.562094,0.1304057525566133,2.2853210168705118e-07,0.13915416598320007
2505,5162489123.347926,0.13040581205282348,1.986430646638837e-07,0.12608376145362854
2506,5162661835.761137,0.13040615732515076,2.2212870476323587e-07,0.11874175071716309
2507,5162832314.190893,0.13040608504476803,2.0229127528637036e-07,0.12194249033927917
2508,5162998819.924923,0.13040601917982408,2.047382565706357e-07,0.13571390509605408
2509,5163177377.777536,0.13040649733072252,2.587160849998327e-07,0.11300822347402573
2510,5163354725.196092,0.13040657965819855,2.5417244842174114e-07,0.12190046161413193
2511,5163526009.58295,0.13040661458670585,2.784980779324542e-07,0.12967628240585327
2512,5163701731.142517,0.13040626819167642,2.4461206749037956e-07,0.1262281984090805
2513,5163872132.074361,0.13040643088434722,2.850180749192077e-07,0.14256328344345093
2514,5164046194.733126,0.13040637296875254,2.469109006142389e-07,0.14752425253391266
2515,5164216835.924797,0.1304065608879399,2.6708130462793633e-07,0.12071897089481354
2516,5164390869.824723,0.13040688885418306,3.6711517736875976e-07,0.11608529090881348
2517,5164560444.490235,0.13040651567489334,3.4115265634682146e-07,0.11238284409046173
2518,5164732449.4594965,0.13040688165452244,2.840423292127525e-07,0.11184527724981308
2519,5164902884.464765,0.13040648320641654,2.2286738499133207e-07,0.13712956011295319
2520,5165075950.820311,0.1304070917937342,3.1812840006750776e-07,0.11560862511396408
2521,5165248044.722002,0.1304065705505944,2.734051349762012e-07,0.13549832999706268
2522,5165420955.329415,0.13040719519755198,2.7830529347738775e-07,0.10412698239088058
2523,5165593488.344622,0.13040682889827254,2.754554202510917e-07,0.11560026556253433
2524,5165766803.727393,0.13040672918556556,2.3635730883597716e-07,0.13098132610321045
2525,5165940106.351164,0.13040703776556678,2.3681737104652711e-07,0.1321490854024887
2526,5166111700.9758215,0.13040671019221473,3.4418027894389525e-07,0.11419700086116791
2527,5166287943.707263,0.13040699986497062,2.666712930476933e-07,0.11009489744901657
2528,5166460854.099913,0.13040715642624728,2.407853969543794e-07,0.11660318821668625
2529,5166633987.984065,0.1304073353253007,2.3668653170716425e-07,0.11888974159955978
2530,5166804641.282318,0.1304074380978299,2.3564332707337599e-07,0.10888141393661499
2531,5166979338.888342,0.1304069563949187,1.909156992496719e-07,0.1315046101808548
2532,5167156632.330983,0.13040702668337262,1.9399415407406195e-07,0.12734921276569366
2533,5167329683.255085,0.13040751151068733,1.9413202778650884e-07,0.1271008402109146
2534,5167498304.092153,0.13040729400885803,3.3113354902525316e-07,0.09751050919294357
2535,5167677159.4220085,0.130407542467522,2.496703928045463e-07,0.1359010636806488
2536,5167847333.131135,0.1304072158610504,2.856332343981194e-07,0.1007600948214531
2537,5168018725.842658,0.13040750733116857,2.448191480652895e-07,0.11765554547309875
2538,5168187088.211459,0.1304075477142169,2.5702294692564465e-07,0.12657548487186432
2539,5168361815.304652,0.13040762736231,2.7225357257520955e-07,0.12499196082353592
2540,5168533326.648175,0.13040801716956918,3.1704860248282785e-07,0.12180111557245255
2541,5168707224.246588,0.13040776929384365,3.3798758636294224e-07,0.10515077412128448
2542,5168876600.637177,0.1304075587131687,3.032950246506516e-07,0.11623591929674149
2543,5169050279.896331,0.13040806280759298,2.3854752839724824e-07,0.15147507190704346
2544,5169221494.371034,0.1304081783620274,2.7888793852071103e-07,0.11549484729766846
2545,5169395924.215103,0.13040832737585586,2.2493291851333197e-07,0.15297003090381622
2546,5169567907.205537,0.1304080153314778,2.2859330783830956e-07,0.13596196472644806
2547,5169741950.787066,0.13040779604242414,2.8246009264876193e-07,0.12003105133771896
2548,5169914501.390194,0.13040858969400512,2.6742102932075795e-07,0.12363643944263458
2549,5170085830.081695,0.13040800944028522,2.2714536385137762e-07,0.14264142513275146
2550,5170262046.280557,0.13040840990656805,2.130752818629844e-07,0.13755574822425842
2551,5170435174.799779,0.13040832791765716,2.2525688336827443e-07,0.13405166566371918
2552,5170609415.648221,0.13040856793936273,2.1343154799069453e-07,0.13738051056861877
2553,5170784145.020703,0.13040871200548113,1.7970226906527387e-07,0.1507972627878189
2554,5170953621.565858,0.13040845370315376,2.0130666200657288e-07,0.13197186589241028
2555,5171127303.508951,0.1304088812650515,2.064563204839942e-07,0.14051876962184906
2556,5171301266.326647,0.13040831435419292,1.7502094351584674e-07,0.16233475506305695
2557,5171468946.948543,0.13040888504291423,1.9553944241579302e-07,0.1481059342622757
2558,5171649460.947163,0.1304088217270631,2.2003708011197887e-07,0.12423136085271835
2559,5171820418.255108,0.13040842067211392,1.8678119317883102e-07,0.15460234880447388
2560,5171990671.878185,0.1304087529471208,2.6817644993570866e-07,0.12109062075614929
2561,5172164524.898135,0.13040914858492741,2.0882123408227926e-07,0.14433443546295166
2562,5172335839.139473,0.13040906971011573,2.2612520922393742e-07,0.15019232034683228
2563,5172508022.83865,0.13040908980793184,1.892484817744844e-07,0.15843892097473145
2564,5172682756.856484,0.13040914073505322,1.8099683529726462e-07,0.17852003872394562
2565,5172851619.383824,0.13040911836687571,2.058233690149791e-07,0.153390035033226
2566,5173023677.106378,0.13040979930945004,2.2853974712688796e-07,0.1424301266670227
2567,5173195594.403556,0.13040924427553502,1.990387659134285e-07,0.17235270142555237
2568,5173369567.635519,0.13040953035448075,2.4051996661000885e-07,0.14806853234767914
2569,5173542104.565731,0.13041001166775776,2.3311004326842522e-07,0.16374944150447845
2570,5173710156.480993,0.13040992538019713,2.7870976282429183e-07,0.14185316860675812
2571,5173885113.330292,0.13040976407730684,2.0702563574559463e-07,0.1605539470911026
2572,5174064187.6085615,0.13040987902265458,1.8108258359461615e-07,0.16538120806217194
2573,5174234803.79742,0.13040980207483086,2.8260942031010927e-07,0.13816413283348083
2574,5174412694.920153,0.13040971622865918,1.924331627378706e-07,0.16970357298851013
2575,5174583845.017555,0.13041028206520122,2.1800272520522412e-07,0.15417543053627014
2576,5174756686.4775505,0.13041006415168205,2.2488431739020598e-07,0.14942090213298798
2577,5174929604.316656,0.1304103914097321,2.1867431598820986e-07,0.15309445559978485
2578,5175102444.200449,0.13040987536086834,2.3292359685456177e-07,0.134483203291893
2579,5175283443.890412,0.13041020795870026,1.8503345700082718e-07,0.14467372000217438
2580,5175490511.652324,0.1304104512156547,8.46881533789201e-08,0.152891144156456
2581,5175747835.889653,0.13041024279119845,1.1023361423667666e-07,0.1313820332288742
2582,5176008940.636608,0.13041048055767357,1.1080620510028893e-07,0.13607540726661682
2583,5176271036.755108,0.13041043652792936,1.0405348405129189e-07,0.1348046362400055
2584,5176524064.694903,0.13041059523483878,1.042223232161632e-07,0.13556429743766785
2585,5176778733.664677,0.13041063571330086,1.2258112747076666e-07,0.1383015215396881
2586,5177037058.668038,0.1304104876287396,1.3043701585502276e-07,0.1580183058977127
2587,5177298563.269897,0.1304110606249486,1.437309435914358e-07,0.12841284275054932
2588,5177556176.574546,0.13041080511280928,1.494351096198443e-07,0.14787399768829346
2589,5177808247.228354,0.1304109202688739,1.5365681349521765e-07,0.16666044294834137
2590,5178082685.425563,0.13041126907620637,1.4690446903387055e-07,0.12593688070774078
2591,5178340537.140087,0.13041112494554163,1.4987702456892293e-07,0.12645749747753143
2592,5178600434.568443,0.13041119568442394,1.3675132493062847e-07,0.13821959495544434
2593,5178865892.105736,0.13041155069085578,1.548977195398038e-07,0.1327199786901474
2594,5179129300.191665,0.13041124632138096,1.3170513568638853e-07,0.1402522325515747
2595,5179384872.676758,0.13041170241359837,1.0875749012484448e-07,0.1418193280696869
2596,5179775130.196387,0.13041172180797272,4.758503635571287e-08,0.13078975677490234
2597,5180288877.380752,0.13041180538273153,4.791408159121602e-08,0.12657751142978668
2598,5180797877.898023,0.1304119329499892,4.222379601515058e-08,0.1296198070049286
2599,5181307417.528938,0.13041209785752658,4.9753534625551765e-08,0.1294873058795929
2600,5181834893.743514,0.13041217654144469,5.141145820175552e-08,0.12320484966039658
2601,5182353590.900103,0.13041224759147668,5.9349272163444766e-08,0.10965094715356827
2602,5182885532.644238,0.1304124889160325,6.156560772296871e-08,0.10987627506256104
2603,5183409658.00387,0.13041254090078228,5.9106231020678024e-08,0.11318029463291168
2604,5183915259.540773,0.1304126295526592,5.85475241621225e-08,0.10836651176214218
2605,5184443205.536223,0.13041273547962237,6.203342906019316e-08,0.11068656295537949
2606,5184955809.843181,0.13041272733404857,5.189335539057538e-08,0.10298042744398117
2607,5185465076.459776,0.13041269877342626,6.465543833655829e-08,0.08567819744348526
2608,5185969945.92479,0.13041244861798842,9.444240589573383e-08,0.07115166634321213
2609,5186505939.095848,0.1304124022581634,9.780230669775847e-08,0.07021327316761017
2610,5187032156.197074,0.1304124826991005,8.675098683852411e-08,0.07649703323841095
2611,5187540437.326941,0.13041242000692413,9.570408110448625e-08,0.07547426223754883
2612,5188610351.327757,0.1304119628983265,1.1805222044358743e-07,0.056776829063892365
2613,5189101359.075648,0.130412173945611,1.0832678754013614e-07,0.06213489547371864
2614,5189612514.8106985,0.13041173736078984,1.0705690556278569e-07,0.06289862096309662
2615,5190129711.628117,0.13041167761808511,1.5525287722084613e-07,0.04081358388066292
2616,5190647871.707911,0.13041143901850175,1.8602020190883195e-07,0.042464904487133026
2617,5191168120.917155,0.13041094834896877,1.4973336703860696e-07,0.0471000000834465
2618,5191697001.092194,0.13041096733864868,1.8210347718650155e-07,0.045591771602630615
2619,5193251085.979397,0.13041015601680006,1.2647230107631913e-07,0.053435154259204865
2620,5193751920.985959,0.1304101654024994,1.4206248977188807e-07,0.03650674968957901
2621,5194780954.223368,0.13040949592027848,1.5327822211474995e-07,0.03484511375427246
2622,5196858938.484315,0.13040874623341697,2.0704332825971505e-07,0.04106657952070236
2623,5198956968.088677,0.130407760073912,1.3359027661863365e-07,0.035042352974414825
2624,5203100172.5563545,0.13040626161596955,1.4496221467652504e-07,0.03625224530696869
2625,5208277556.520517,0.13040436825705673,1.2467710064356652e-07,0.03902348130941391
2626,5212941214.505834,0.13040282645600068,1.914483647169618e-07,0.03516374155879021
2627,5213450810.7168045,0.13040229197934827,1.4946901671919477e-07,0.041878677904605865
2628,5215549553.68914,0.13040148441113295,1.5506367390116793e-07,0.041926149278879166
2629,5216065744.963702,0.1304013569954256,1.5393904106986156e-07,0.04169316589832306
2630,5217086443.830011,0.13040093290830634,1.5207729120447766e-07,0.03351004049181938
2631,5219679994.036688,0.1303998310622964,1.6120546320053109e-07,0.050580162554979324
2632,5221228945.999659,0.13039937614822458,1.5014124699064268e-07,0.04029478132724762
2633,5223833791.993361,0.13039800308925756,1.4661750924460648e-07,0.04630005359649658
